Name,Dist,RA,DEC,RA_Corner1,DEC_Corner1,RA_Corner2,DEC_Corner2,RA_Corner3,DEC_Corner3,RA_Corner4,DEC_Corner4
skycell.2301.080,9.035545456880081,74.89323693500343,51.37751751776967,75.22556078881959,51.150351849017646,75.25585088043135,51.586485532219285,74.55758801510812,51.603745347349246,74.53377469499944,51.16735065057015
skycell.2301.090,8.68279572916313,74.91844973373861,51.78051001360175,75.25352571232088,51.553300202786254,75.28434522654095,51.989253628362114,74.57999006481157,52.00675710711957,74.55576000614776,51.57054005477218
skycell.2301.091,8.887451529090255,74.27069343033793,51.79477661155512,74.60918078632909,51.5693668739502,74.63391589784688,52.005565979961126,73.92883185417249,52.019192253182304,73.91070651206265,51.58278778941366
skycell.2301.092,9.105146182626894,73.62235587421979,51.80548511019981,73.9641747817326,51.58190720428357,73.98280653912016,52.018298190182016,73.27717483934808,52.028037981510614,73.26516813249005,51.59150014167604
skycell.2302.050,8.865083135666039,80.82014424246437,50.1678289174795,81.1444750797287,49.94091841092664,81.17325616990522,50.37733242411024,80.49265537407467,50.39387560160112,80.47002977648836,49.957208190872755
skycell.2302.051,8.928497634828743,80.19415741194223,50.1813108196103,80.52166327648054,49.956099683784366,80.54476061329022,50.39274984544994,79.86350237927294,50.4056280974735,79.84657825124779,49.968780564914496
skycell.2302.052,9.00923378792007,79.56764608598246,50.19143002896584,79.89825462364341,49.967948547802195,79.91565167895847,50.404783127218984,79.23389952865247,50.41398801317355,79.22268900651295,49.977012301316414
skycell.2302.053,9.106838593611752,78.94075957830003,50.19817994157736,79.2743960459723,49.97645731450337,79.28608034606326,50.4134243830548,78.60399851542317,50.41894986192529,78.5985096493072,49.98189805112853
skycell.2302.060,8.465430646636728,80.84409498120833,50.57113686079386,81.17104731666765,50.34412080064886,81.20031864218086,50.78048483599348,80.5139303592849,50.79726453536087,80.49091891745107,50.360644598676714
skycell.2302.061,8.53171367370893,80.21280385034582,50.58481203635183,80.54298795307426,50.3595201617162,80.56647914714675,50.796122678679986,79.87941647244944,50.809185161469074,79.86220348676446,50.37238331894382
skycell.2302.062,8.616078425128592,79.58097475281158,50.59507638532028,79.91431649090933,50.37153933934194,79.93201045774089,50.80832810031328,79.24444111526954,50.81766472501149,79.23303913953764,50.38073343149071
skycell.2302.063,8.718008024483407,78.94876082789067,50.60192314660894,79.2851835955711,50.380170462414114,79.2970674323897,50.81709302682067,78.60915989118826,50.82269760846598,78.60357725274459,50.3856894601637
skycell.2302.064,8.836895510269517,78.31631577612131,50.60534780526831,78.65574059857656,50.38540787100431,78.66180562694146,50.822411652171894,77.97372885426681,50.82428047473392,77.97396963372583,50.38724815190131
skycell.2302.065,8.972060591928987,77.6837936356228,50.60534810147477,78.02613927992552,50.38724812754605,78.02638106682953,50.82428045000088,77.33830427951568,50.822412273830885,77.34436830083438,50.38540848316935
skycell.2302.066,9.122766792458982,77.05134855719163,50.60192403503288,77.39653164884538,50.38569002363419,77.39095001750894,50.82269818067532,76.7030424324115,50.81709424499327,76.71492526331828,50.38017166198698
skycell.2302.070,8.066227392393024,80.86845567624292,50.974379773040944,81.19807200539907,50.747278671023714,81.22784618591777,51.18354924783088,80.53557139861293,51.200567815164206,80.51216416418416,50.76403879911037
skycell.2302.071,8.135661563117882,80.23176976661992,50.98825013748875,80.56467613090112,50.762898274694656,80.58857133607953,51.19940969803677,79.89560461580588,51.212658243310834,79.87809531627323,50.775945512932545
skycell.2302.072,8.223998596971683,79.59453195403273,50.99866106742001,79.93065238529728,50.775089452267736,79.94865092709794,51.21178897091416,79.25516434499787,51.22125864648923,79.24356596974502,50.78441517588842
skycell.2302.073,8.330645618889747,78.95689933499094,51.00560564056483,79.29615530248539,50.783844145314234,79.30824383049517,51.22067879980722,78.6144102353118,51.22636327302901,78.60873140090365,50.78944218135274
skycell.2302.074,8.454910670037826,78.31902959170631,51.009079234243735,78.66134011134166,50.78915655906554,78.6675096457161,51.226073240046205,77.9735024062232,51.22796870608352,77.97374733509056,50.79102319870458
skycell.2302.075,8.596023266585597,77.68108075869183,51.00907953468304,78.02636250868021,50.79102317400045,78.0266084623541,51.22796868099786,77.33260120784021,51.2260738705677,77.33876971782077,50.7891571799984
skycell.2302.076,8.753155107883059,77.04321098805336,51.00560654168255,77.39137843049411,50.78944275289372,77.38570062054299,51.226363853395995,76.69186698031918,51.2206800353424,76.70395448510891,50.783845362064305
skycell.2302.077,8.925439878492867,76.40557831434458,50.99866256861603,76.75654382231663,50.78441634329573,76.74494647040999,51.221259831920264,76.05145981331756,51.21179081063633,76.06945733383026,50.77509126402917
skycell.2302.078,9.111991341660296,75.76834041985842,50.988252237764264,76.12201440954715,50.775947275432934,76.10450613149125,51.21266003301272,75.41153930638568,51.19941214071638,75.43543349296166,50.76290068026896
skycell.2302.080,7.667573567650291,80.89323693500343,51.37751751776967,81.22556078881959,51.150351849017646,81.25585088043135,51.586485532219285,80.55758801510812,51.603745347349246,80.53377469499944,51.16735065057015
skycell.2302.081,7.740483407961331,80.2510634380838,51.39158501345215,80.58673717786448,51.16619387896592,80.61104689980166,51.60257080755011,79.91207394713244,51.61600727354036,79.89426061881427,51.17942702782579
skycell.2302.082,7.833185241034101,79.608323616617,51.40214398603888,79.94726937706979,51.17855876589731,79.96558042320737,51.61512566781665,79.26607395273213,51.624729725483384,79.25427406021659,51.18801743160603
skycell.2302.083,7.944995158318462,78.96517866169755,51.409187347867594,79.30731592219009,51.18743825920824,79.31961447489965,51.62414164871924,78.61975186806772,51.62990681382642,78.613974329814,51.19311612142238
skycell.2302.084,8.075120408833738,78.3217903758599,51.412710365708165,78.66703607433065,51.19282642578524,78.6733128391675,51.62961266329787,77.97327202043277,51.63153503987161,77.97352120690243,51.194719687075754
skycell.2302.085,8.222684778012146,77.67832092943675,51.41271067042259,78.02658958301097,51.194719662019295,78.0268398121014,51.631535014429794,77.3267989779505,51.62961330277069,77.33307470059371,51.19282705557335
skycell.2302.086,8.386753696317793,77.0349326155291,51.40918826180592,77.38613644740394,51.193116701114334,77.3803599514092,51.629907402432835,76.68049729835226,51.624142901790826,76.69279481008317,51.18743949330667
skycell.2302.087,8.566357757577473,76.39178760451212,51.40214550858665,76.74583667664044,51.188018615658514,76.7340378252341,51.6247309277401,76.03453127779557,51.615127533640475,76.05284128495424,51.17856060348096
skycell.2302.088,8.760513704891592,75.749047699005,51.39158714358664,76.10585005007678,51.1794288154472,76.08803776093289,51.61600908863522,75.38906470067938,51.60257328486728,75.41337338641712,51.16619631880768
skycell.2302.089,8.968242326881596,75.10687409022893,51.37752025406204,75.46633587842223,51.16735304056656,75.44252359477277,51.603747774057304,74.74426059140772,51.58648861936096,74.77454965037231,51.1503548894908
skycell.2302.090,7.269582298920802,80.91844973373861,51.78051001360175,81.25352571232088,51.553300202786254,81.28434522654095,51.989253628362114,80.57999006481157,52.00675710711957,80.55576000614776,51.57054005477218
skycell.2302.091,7.34634276079286,80.27069343033793,51.79477661155512,80.60918078632909,51.5693668739502,80.63391589784688,52.005565979961126,79.92883185417249,52.019192253182304,79.91070651206265,51.58278778941366
skycell.2302.092,7.443860070255848,79.62235587421979,51.80548511019981,79.9641747817326,51.58190720428357,79.98280653912016,52.018298190182016,79.27717483934808,52.028037981510614,79.26516813249005,51.59150014167604
skycell.2302.093,7.5613404957306605,78.97360249442849,51.81262825210501,79.3186703752861,51.590912745963195,79.33118447308992,52.02744159182341,78.6251871911172,52.03328826139971,78.61930835320025,51.59667123368559
skycell.2302.094,7.697871088748673,78.32459935855483,51.81620119055952,78.67283100107336,51.59637742389138,78.67921781635258,52.032989951840925,77.97303759328335,52.034939510114576,77.97329114934372,51.59829757356819
skycell.2302.095,7.852451202503779,77.67551291831015,51.81620149959204,78.0268206031532,51.59829754815587,78.02707522011711,52.03493948431301,77.32089498122255,52.03299060035528,77.32728073604046,51.59637806262347
skycell.2302.096,8.024023030930616,77.0265097536251,51.81262917899268,77.38080338626743,51.59667182161017,77.37492560887945,52.033288858328554,76.6689282794553,52.02744286260789,76.68144131805572,51.59091399758362
skycell.2302.097,8.21149953055001,76.3777563162554,51.805486654313434,76.73494356555595,51.591501342540425,76.72293791803646,52.0280392007624,76.01730613926048,52.018300082369834,76.03593683951506,51.58190906794744
skycell.2302.098,8.413788650027257,75.72941867388029,51.79477877184753,76.08940511623233,51.58278960240719,76.07128083145778,52.019194093925314,75.36619667734956,52.0055684922631,75.39093073461189,51.5693693484011
skycell.2302.099,8.629813330883623,75.08166225567649,51.78051278860982,75.44435152417297,51.570542478672394,75.4201225200335,52.00675956809958,74.71576721661117,51.98925675906953,74.74658568025318,51.55330328635861
skycell.2303.041,9.193496838076511,86.17582245035025,49.7777866300284,86.50069304422253,49.552677004152066,86.52340634039766,49.98933133943804,85.8478554379608,50.00202716758239,85.83121295940391,49.56517739098006
skycell.2303.042,9.136334463605602,85.55454022462746,49.78776212207232,85.88245994829254,49.564357219307134,85.89956750067883,50.00119416952576,85.22353500926633,50.01026861099468,85.21251115945485,49.57329191038232
skycell.2303.043,9.096375286755444,84.93289214324714,49.79441613640449,85.26378805647198,49.57274482762089,85.27527780270333,50.00971296962672,84.59892386571141,50.01516012374373,84.59352642902279,49.57810807024891
skycell.2303.044,9.073860907462091,84.31102433651373,49.7977443654832,84.64482128809374,49.577834428836006,84.65068511554357,50.01488220057146,83.97417033415051,50.01669852222553,83.97440312498564,49.57962276687159
skycell.2303.045,9.068928662507641,83.68908324502542,49.79774465334871,84.02570397489548,49.57962274320378,84.02593773975045,50.01669849818736,83.34942294444383,50.01488280476682,83.3552857982466,49.57783502372303
skycell.2303.046,9.081607684429569,83.0672154129457,49.794416999814445,83.40658065938955,49.578108617815566,83.40118419640498,50.015160679878406,82.72483021769222,50.00971415358589,82.7363189913369,49.57274599334361
skycell.2303.047,9.111818047502274,82.44556728090865,49.78776356046757,82.78759589249513,49.57329302883048,82.77657301538423,50.010269746940104,82.10054045450303,50.00119593247851,82.11764703604824,49.56435895511464
skycell.2303.048,9.159373058557804,81.82428497929007,49.77778864247815,82.16889403114126,49.56517907958913,82.15225252359602,50.00202888259949,81.47670152404145,49.98933368023865,81.49941385180209,49.55267930892739
skycell.2303.050,8.872893571517714,86.82014424246437,50.1678289174795,87.1444750797287,49.94091841092664,87.17325616990522,50.37733242411024,86.49265537407467,50.39387560160112,86.47002977648836,49.957208190872755
skycell.2303.051,8.795494812966286,86.19415741194223,50.1813108196103,86.52166327648054,49.956099683784366,86.54476061329022,50.39274984544994,85.86350237927294,50.4056280974735,85.84657825124779,49.968780564914496
skycell.2303.052,8.735690005368747,85.56764608598246,50.19143002896584,85.89825462364341,49.967948547802195,85.91565167895847,50.404783127218984,85.23389952865247,50.41398801317355,85.22268900651295,49.977012301316414
skycell.2303.053,8.693864400296242,84.94075957830003,50.19817994157736,85.2743960459723,49.97645731450337,85.28608034606326,50.4134243830548,84.60399851542317,50.41894986192529,84.5985096493072,49.98189805112853
skycell.2303.054,8.670293193677734,84.31364774062871,50.20155614750851,84.65023510690712,49.98162045542291,84.65619826219907,50.41866794205105,83.97395146466393,50.420510384353,83.97418819927341,49.98343463690368
skycell.2303.055,8.665133116777888,83.68646074829482,50.201556439523905,84.02591979987808,49.98343461289386,84.02615752500856,50.420510359969114,83.34391071320317,50.41866855493504,83.34987287835965,49.98162105890636
skycell.2303.056,8.67841751875001,83.05934888463052,50.1981808174326,83.40159833808423,49.98189860660794,83.39611046216268,50.41895042605755,82.71402858873256,50.41342558403619,82.72571189978471,49.97645849706785
skycell.2303.057,8.71005529765871,82.43246232499955,50.19143148808845,82.77741894349026,49.97701343592366,82.76620941050739,50.41398916545124,82.08445718895364,50.40478491550919,82.10185325703499,49.96795030867891
skycell.2303.058,8.759833758952114,81.8059509212101,50.1813128610474,82.15352963579237,49.96878227791195,82.13660649517732,50.40562983713999,81.4553481615576,50.39275221987604,81.4784445136429,49.95610202182985
skycell.2303.059,8.827425192114557,81.1799639870888,50.16783153989967,81.53007802210337,49.95721048114792,81.50745340947597,50.39387792751523,80.82685248583216,50.37733538311726,80.8556325944918,49.94092132462495
skycell.2303.060,8.479122426865281,86.84409498120833,50.57113686079386,87.17104731666765,50.34412080064886,87.20031864218086,50.78048483599348,86.5139303592849,50.79726453536087,86.49091891745107,50.360644598676714
skycell.2303.061,8.398051659214453,86.21280385034582,50.58481203635183,86.54298795307426,50.3595201617162,86.56647914714675,50.796122678679986,85.87941647244944,50.809185161469074,85.86220348676446,50.37238331894382
skycell.2303.062,8.3353632572166,85.58097475281158,50.59507638532028,85.91431649090933,50.37153933934194,85.93201045774089,50.80832810031328,85.24444111526954,50.81766472501149,85.23303913953764,50.38073343149071
skycell.2303.063,8.291497418865793,84.94876082789067,50.60192314660894,85.2851835955711,50.380170462414114,85.2970674323897,50.81709302682067,84.60915989118826,50.82269760846598,84.60357725274459,50.3856894601637
skycell.2303.064,8.266769517869047,84.31631577612131,50.60534780526831,84.65574059857656,50.38540787100431,84.66180562694146,50.822411652171894,83.97372885426681,50.82428047473392,83.97396963372583,50.38724815190131
skycell.2303.065,8.261359550440769,83.6837936356228,50.60534810147477,84.02613927992552,50.38724812754605,84.02638106682953,50.82428045000088,83.33830427951568,50.822412273830885,83.34436830083438,50.38540848316935
skycell.2303.066,8.275305936222468,83.05134855719163,50.60192403503288,83.39653164884538,50.38569002363419,83.39095001750894,50.82269818067532,82.7030424324115,50.81709424499327,82.71492526331828,50.38017166198698
skycell.2303.067,8.308504166139853,82.419134578986,50.595077865375565,82.76706972370667,50.38073458241698,82.75566875400845,50.81766589378366,82.06809933844904,50.80832991419211,82.08579230123603,50.37154112553556
skycell.2303.068,8.36071040675272,81.78730540162199,50.584814107062904,82.13790531190543,50.37238505657066,82.12069333044742,50.80918692602937,81.43363055357753,50.796125087064205,81.45712074620106,50.359522533359915
skycell.2303.069,8.431549771706168,81.15601416450096,50.57113952079765,81.50918979050887,50.360646921865175,81.48617935036663,50.79726689454093,80.79979093636364,50.78048783729116,80.82906126374544,50.344123756190754
skycell.2303.070,8.086371239273474,86.86845567624292,50.974379773040944,87.19807200539907,50.747278671023714,87.22784618591777,51.18354924783088,86.53557139861293,51.200567815164206,86.51216416418416,50.76403879911037
skycell.2303.071,8.001286983147821,86.23176976661992,50.98825013748875,86.56467613090112,50.762898274694656,86.58857133607953,51.19940969803677,85.89560461580588,51.212658243310834,85.87809531627323,50.775945512932545
skycell.2303.072,7.9354389383954755,85.59453195403273,50.99866106742001,85.93065238529728,50.775089452267736,85.94865092709794,51.21178897091416,85.25516434499787,51.22125864648923,85.24356596974502,50.78441517588842
skycell.2303.073,7.889333216671156,84.95689933499094,51.00560564056483,85.29615530248539,50.783844145314234,85.30824383049517,51.22067879980722,84.6144102353118,51.22636327302901,84.60873140090365,50.78944218135274
skycell.2303.074,7.863333640689783,84.31902959170631,51.009079234243735,84.66134011134166,50.78915655906554,84.6675096457161,51.226073240046205,83.9735024062232,51.22796870608352,83.97374733509056,50.79102319870458
skycell.2303.075,7.8576483590491675,83.68108075869183,51.00907953468304,84.02636250868021,50.79102317400045,84.0266084623541,51.22796868099786,83.33260120784021,51.2260738705677,83.33876971782077,50.7891571799984
skycell.2303.076,7.872321943083722,83.04321098805336,51.00560654168255,83.39137843049411,50.78944275289372,83.38570062054299,51.226363853395995,82.69186698031918,51.2206800353424,82.70395448510891,50.783845362064305
skycell.2303.077,7.907233656759301,82.40557831434458,50.99866256861603,82.75654382231663,50.78441634329573,82.74494647040999,51.221259831920264,82.05145981331756,51.21179081063633,82.06945733383026,50.77509126402917
skycell.2303.078,7.962102054009323,81.76834041985842,50.988252237764264,82.12201440954715,50.775947275432934,82.10450613149125,51.21266003301272,81.41153930638568,51.19941214071638,81.43543349296166,50.76290068026896
skycell.2303.079,8.036495496972888,81.1316544012258,50.97438247100038,81.48794546858713,50.76404115553777,81.46453925301175,51.20057020794067,80.772264331192,51.183552291838126,80.80203749654073,50.74728166882203
skycell.2303.080,7.694825515640946,86.89323693500343,51.37751751776967,87.22556078881959,51.150351849017646,87.25585088043135,51.586485532219285,86.55758801510812,51.603745347349246,86.53377469499944,51.16735065057015
skycell.2303.081,7.605336650179048,86.2510634380838,51.39158501345215,86.58673717786448,51.16619387896592,86.61104689980166,51.60257080755011,85.91207394713244,51.61600727354036,85.89426061881427,51.17942702782579
skycell.2303.082,7.536011073128508,85.608323616617,51.40214398603888,85.94726937706979,51.17855876589731,85.96558042320737,51.61512566781665,85.26607395273213,51.624729725483384,85.25427406021659,51.18801743160603
skycell.2303.083,7.487434620906913,84.96517866169755,51.409187347867594,85.30731592219009,51.18743825920824,85.31961447489965,51.62414164871924,84.61975186806772,51.62990681382642,84.613974329814,51.19311612142238
skycell.2303.084,7.460030070543306,84.3217903758599,51.412710365708165,84.66703607433065,51.19282642578524,84.6733128391675,51.62961266329787,83.97327202043277,51.63153503987161,83.97352120690243,51.194719687075754
skycell.2303.085,7.454039965105302,83.67832092943675,51.41271067042259,84.02658958301097,51.194719662019295,84.0268398121014,51.631535014429794,83.3267989779505,51.62961330277069,83.33307470059371,51.19282705557335
skycell.2303.086,7.469516412745573,83.0349326155291,51.40918826180592,83.38613644740394,51.193116701114334,83.3803599514092,51.629907402432835,82.68049729835226,51.624142901790826,82.69279481008317,51.18743949330667
skycell.2303.087,7.506318844744383,82.39178760451212,51.40214550858665,82.74583667664044,51.188018615658514,82.7340378252341,51.6247309277401,82.03453127779557,51.615127533640475,82.05284128495424,51.17856060348096
skycell.2303.088,7.564119953964523,81.749047699005,51.39158714358664,82.10585005007678,51.1794288154472,82.08803776093289,51.61600908863522,81.38906470067938,51.60257328486728,81.41337338641712,51.16619631880768
skycell.2303.089,7.642419232657582,81.10687409022893,51.37752025406204,81.46633587842223,51.16735304056656,81.44252359477277,51.603747774057304,80.74426059140772,51.58648861936096,80.77454965037231,51.1503548894908
skycell.2303.090,7.30470110679726,86.91844973373861,51.78051001360175,87.25352571232088,51.553300202786254,87.28434522654095,51.989253628362114,86.57999006481157,52.00675710711957,86.55576000614776,51.57054005477218
skycell.2303.091,7.210357107258866,86.27069343033793,51.79477661155512,86.60918078632909,51.5693668739502,86.63391589784688,52.005565979961126,85.92883185417249,52.019192253182304,85.91070651206265,51.58278778941366
skycell.2303.092,7.137185528858848,85.62235587421979,51.80548511019981,85.9641747817326,51.58190720428357,85.98280653912016,52.018298190182016,85.27717483934808,52.028037981510614,85.26516813249005,51.59150014167604
skycell.2303.093,7.085869503619531,84.97360249442849,51.81262825210501,85.3186703752861,51.590912745963195,85.33118447308992,52.02744159182341,84.6251871911172,52.03328826139971,84.61930835320025,51.59667123368559
skycell.2303.094,7.056904261352919,84.32459935855483,51.81620119055952,84.67283100107336,51.59637742389138,84.67921781635258,52.032989951840925,83.97303759328335,52.034939510114576,83.97329114934372,51.59829757356819
skycell.2303.095,7.0505748120271,83.67551291831015,51.81620149959204,84.0268206031532,51.59829754815587,84.02707522011711,52.03493948431301,83.32089498122255,52.03299060035528,83.32728073604046,51.59637806262347
skycell.2303.096,7.0669425980867695,83.0265097536251,51.81262917899268,83.38080338626743,51.59667182161017,83.37492560887945,52.033288858328554,82.6689282794553,52.02744286260789,82.68144131805572,51.59091399758362
skycell.2303.097,7.105842548136878,82.3777563162554,51.805486654313434,82.73494356555595,51.591501342540425,82.72293791803646,52.0280392007624,82.01730613926048,52.018300082369834,82.03593683951506,51.58190906794744
skycell.2303.098,7.1668908556913,81.72941867388029,51.79477877184753,82.08940511623233,51.58278960240719,82.07128083145778,52.019194093925314,81.36619667734956,52.0055684922631,81.39093073461189,51.5693693484011
skycell.2303.099,7.249502636486769,81.08166225567649,51.78051278860982,81.44435152417297,51.570542478672394,81.4201225200335,52.00675956809958,80.71576721661117,51.98925675906953,80.74658568025318,51.55330328635861
skycell.2304.056,9.185664310757286,89.05934888463052,50.1981808174326,89.40159833808423,49.98189860660794,89.39611046216268,50.41895042605755,88.71402858873256,50.41342558403619,88.72571189978471,49.97645849706785
skycell.2304.057,9.07909559277474,88.43246232499955,50.19143148808845,88.77741894349026,49.97701343592366,88.76620941050739,50.41398916545124,88.08445718895364,50.40478491550919,88.10185325703499,49.96795030867891
skycell.2304.058,8.989079489025988,87.8059509212101,50.1813128610474,88.15352963579237,49.96878227791195,88.13660649517732,50.40562983713999,87.4553481615576,50.39275221987604,87.4784445136429,49.95610202182985
skycell.2304.059,8.916110493100698,87.1799639870888,50.16783153989967,87.53007802210337,49.95721048114792,87.50745340947597,50.39387792751523,86.82685248583216,50.37733538311726,86.8556325944918,49.94092132462495
skycell.2304.064,9.070896277568856,90.31631577612131,50.60534780526831,90.65574059857656,50.38540787100431,90.66180562694146,50.822411652171894,89.97372885426681,50.82428047473392,89.97396963372583,50.38724815190131
skycell.2304.065,8.927252333892016,89.6837936356228,50.60534810147477,90.02613927992552,50.38724812754605,90.02638106682953,50.82428045000088,89.33830427951568,50.822412273830885,89.34436830083438,50.38540848316935
skycell.2304.066,8.799465791098527,89.05134855719163,50.60192403503288,89.39653164884538,50.38569002363419,89.39095001750894,50.82269818067532,88.7030424324115,50.81709424499327,88.71492526331828,50.38017166198698
skycell.2304.067,8.688243778910019,88.419134578986,50.595077865375565,88.76706972370667,50.38073458241698,88.75566875400845,50.81766589378366,88.06809933844904,50.80832991419211,88.08579230123603,50.37154112553556
skycell.2304.068,8.594229602005708,87.78730540162199,50.584814107062904,88.13790531190543,50.37238505657066,88.12069333044742,50.80918692602937,87.43363055357753,50.796125087064205,87.45712074620106,50.359522533359915
skycell.2304.069,8.517985852112915,87.15601416450096,50.57113952079765,87.50918979050887,50.360646921865175,87.48617935036663,50.79726689454093,86.79979093636364,50.78048783729116,86.82906126374544,50.344123756190754
skycell.2304.072,9.043655503494996,91.59453195403272,50.99866106742001,91.93065238529728,50.775089452267736,91.94865092709794,51.21178897091416,91.25516434499788,51.22125864648923,91.24356596974502,50.78441517588842
skycell.2304.073,8.86362852408119,90.95689933499094,51.00560564056483,91.2961553024854,50.783844145314234,91.30824383049516,51.22067879980722,90.6144102353118,51.22636327302901,90.60873140090364,50.78944218135274
skycell.2304.074,8.698259851561719,90.31902959170633,51.009079234243735,90.66134011134166,50.78915655906554,90.6675096457161,51.226073240046205,89.9735024062232,51.22796870608352,89.97374733509056,50.79102319870458
skycell.2304.075,8.548422447588296,89.68108075869183,51.00907953468304,90.02636250868021,50.79102317400045,90.0266084623541,51.22796868099786,89.33260120784021,51.2260738705677,89.33876971782077,50.7891571799984
skycell.2304.076,8.414961118072803,89.04321098805336,51.00560654168255,89.39137843049411,50.78944275289372,89.38570062054299,51.226363853395995,88.69186698031918,51.2206800353424,88.70395448510891,50.783845362064305
skycell.2304.077,8.298673735809531,88.40557831434458,50.99866256861603,88.75654382231663,50.78441634329573,88.74494647040999,51.221259831920264,88.05145981331756,51.21179081063633,88.06945733383026,50.77509126402917
skycell.2304.078,8.200291121856072,87.76834041985842,50.988252237764264,88.12201440954715,50.775947275432934,88.10450613149125,51.21266003301272,87.41153930638568,51.19941214071638,87.43543349296166,50.76290068026896
skycell.2304.079,8.120456497991018,87.1316544012258,50.97438247100038,87.48794546858713,50.76404115553777,87.46453925301175,51.20057020794067,86.772264331192,51.183552291838126,86.80203749654073,50.74728166882203
skycell.2304.080,9.104611023976872,92.89323693500344,51.37751751776967,93.2255607888196,51.150351849017646,93.25585088043135,51.586485532219285,92.55758801510812,51.603745347349246,92.53377469499944,51.16735065057015
skycell.2304.081,8.89006966063465,92.2510634380838,51.39158501345215,92.58673717786448,51.16619387896592,92.61104689980166,51.60257080755011,91.91207394713244,51.61600727354036,91.89426061881429,51.17942702782579
skycell.2304.082,8.688574074270987,91.608323616617,51.40214398603888,91.9472693770698,51.17855876589731,91.96558042320736,51.61512566781665,91.26607395273211,51.624729725483384,91.2542740602166,51.18801743160603
skycell.2304.083,8.501089021148154,90.96517866169756,51.409187347867594,91.30731592219009,51.18743825920824,91.31961447489964,51.62414164871924,90.61975186806772,51.62990681382642,90.613974329814,51.19311612142238
skycell.2304.084,8.328591055168046,90.3217903758599,51.412710365708165,90.66703607433064,51.19282642578524,90.6733128391675,51.62961266329787,89.97327202043277,51.63153503987161,89.97352120690243,51.194719687075754
skycell.2304.085,8.17205252172075,89.67832092943675,51.41271067042259,90.02658958301097,51.194719662019295,90.0268398121014,51.631535014429794,89.3267989779505,51.62961330277069,89.33307470059371,51.19282705557335
skycell.2304.086,8.032422359438803,89.0349326155291,51.40918826180592,89.38613644740394,51.193116701114334,89.3803599514092,51.629907402432835,88.68049729835226,51.624142901790826,88.69279481008317,51.18743949330667
skycell.2304.087,7.910604075141998,88.39178760451212,51.40214550858665,88.74583667664044,51.188018615658514,88.7340378252341,51.6247309277401,88.03453127779557,51.615127533640475,88.05284128495424,51.17856060348096
skycell.2304.088,7.807431617274222,87.749047699005,51.39158714358664,88.10585005007678,51.1794288154472,88.08803776093289,51.61600908863522,87.38906470067938,51.60257328486728,87.41337338641712,51.16619631880768
skycell.2304.089,7.723644254444892,87.10687409022893,51.37752025406204,87.46633587842223,51.16735304056656,87.44252359477277,51.603747774057304,86.74426059140772,51.58648861936096,86.77454965037231,51.1503548894908
skycell.2304.090,8.770554279524571,92.9184497337386,51.78051001360175,93.25352571232088,51.553300202786254,93.28434522654096,51.989253628362114,92.57999006481155,52.00675710711957,92.55576000614776,51.57054005477218
skycell.2304.091,8.547692056349979,92.27069343033791,51.79477661155512,92.60918078632908,51.5693668739502,92.63391589784688,52.005565979961126,91.92883185417249,52.019192253182304,91.91070651206265,51.58278778941366
skycell.2304.092,8.337991977514847,91.6223558742198,51.80548511019981,91.9641747817326,51.58190720428357,91.98280653912016,52.018298190182016,91.27717483934808,52.028037981510614,91.26516813249005,51.59150014167604
skycell.2304.093,8.142509698989066,90.97360249442848,51.81262825210501,91.3186703752861,51.590912745963195,91.33118447308992,52.02744159182341,90.6251871911172,52.03328826139971,90.61930835320024,51.59667123368559
skycell.2304.094,7.962324168953525,90.32459935855483,51.81620119055952,90.67283100107336,51.59637742389138,90.67921781635258,52.032989951840925,89.97303759328335,52.034939510114576,89.97329114934372,51.59829757356819
skycell.2304.095,7.798520086151568,89.67551291831015,51.81620149959204,90.0268206031532,51.59829754815587,90.02707522011711,52.03493948431301,89.32089498122255,52.03299060035528,89.32728073604046,51.59637806262347
skycell.2304.096,7.652166101856097,89.0265097536251,51.81262917899268,89.38080338626743,51.59667182161017,89.37492560887945,52.033288858328554,88.6689282794553,52.02744286260789,88.68144131805572,51.59091399758362
skycell.2304.097,7.52428904966342,88.3777563162554,51.805486654313434,88.73494356555595,51.591501342540425,88.72293791803646,52.0280392007624,88.01730613926048,52.018300082369834,88.03593683951506,51.58190906794744
skycell.2304.098,7.415844974419538,87.72941867388029,51.79477877184753,88.08940511623233,51.58278960240719,88.07128083145778,52.019194093925314,87.36619667734956,52.0055684922631,87.39093073461189,51.5693693484011
skycell.2304.099,7.327688280309585,87.08166225567649,51.78051278860982,87.44435152417297,51.570542478672394,87.4201225200335,52.00675956809958,86.71576721661117,51.98925675906953,86.74658568025318,51.55330328635861
skycell.2305.089,9.174117836522642,93.10687409022891,51.37752025406204,93.46633587842224,51.16735304056656,93.44252359477277,51.603747774057304,92.74426059140772,51.58648861936096,92.77454965037232,51.1503548894908
skycell.2305.098,9.036375379392219,93.72941867388028,51.79477877184753,94.08940511623231,51.58278960240719,94.07128083145778,52.019194093925314,93.36619667734956,52.0055684922631,93.39093073461189,51.5693693484011
skycell.2305.099,8.82521201480388,93.08166225567648,51.78051278860982,93.44435152417296,51.570542478672394,93.4201225200335,52.00675956809958,92.71576721661116,51.98925675906953,92.74658568025318,51.55330328635861
skycell.2359.070,9.125562464165117,68.61313357928461,54.96965754905447,68.97325693678955,54.74087781165295,69.01127207776244,55.17748930699004,68.24885021402878,55.19731597926528,68.21895507864642,54.76039077054473
skycell.2359.080,8.905986052227723,68.64482522656232,55.37317257653379,69.00835339141841,55.144303036546745,69.0471338324621,55.58077320072605,68.27705278912289,55.60089368166527,68.24655492360232,55.16410570589478
skycell.2359.090,8.699591825574363,68.67715859688094,55.77653885791867,69.04415609439212,55.54759933503071,69.08372514915537,55.983884500914165,68.30582998374112,56.00430266986149,68.27471098974839,55.567695497907515
skycell.2359.091,9.051460893399932,67.96202524271733,55.79318077989646,68.33342025890511,55.56633265843886,68.36518488178304,56.00291798265487,67.58630659440324,56.018814828042736,67.56302381488646,55.58197859029745
skycell.2360.000,8.364374023692415,74.95321701524546,52.1442789777195,75.29117244430634,51.91668720108765,75.3244121400901,52.3530630942192,74.61162712713806,52.37093479830683,74.58549220507533,51.93427157587293
skycell.2360.001,8.577030249269987,74.29771257444037,52.1588423806664,74.63933040860802,51.93307914230748,74.6660079951711,52.36972287295573,73.95246717504669,52.38363572211883,73.93291679259633,51.94676816304236
skycell.2360.002,8.802943024805646,73.64160578971035,52.16977349264488,73.98680397677465,51.9458731411448,74.00689852287792,52.38272606143935,73.29278980696344,52.392670418059005,73.27983933899212,51.95565743510485
skycell.2360.003,9.041113065694566,72.98506809389505,52.1770647797816,73.33376156291041,51.95506043819655,73.34725726814165,52.39206365271846,72.6327694689362,52.39803261832445,72.62642911534361,51.9609332967375
skycell.2360.010,8.01975525191447,74.9809069941,52.54770467615468,75.32186173311376,52.31988310303019,75.35572669481576,52.75642372700936,74.63624901117505,52.77456433520079,74.60962182965991,52.33773283028838
skycell.2360.011,8.241206214791656,74.31927169249828,52.562487600516704,74.66396106142196,52.336522395808416,74.69114108435139,52.773334167690685,73.970886048575,52.78745649815995,73.95096708779211,52.35041812487184
skycell.2360.012,8.475993277000404,73.6570169525683,52.57358358011647,74.00535668325693,52.349509583884455,74.02583004157366,52.7865331368511,73.30499090110789,52.79662729955879,73.29179612058822,52.35944169756965
skycell.2360.013,8.7230338696476,72.99431905922607,52.58098488404954,73.34622174625714,52.358835679403946,73.35997203876929,52.79601139164832,72.63874298540622,52.802070307225506,72.63228297335367,52.36479729388538
skycell.2360.014,8.98130416424163,72.33135500741335,52.584686349393664,72.68673023857504,52.364494218819885,72.69374643244342,52.801762284936544,71.97232228964229,52.80378169993567,71.97260223464407,52.36648119822953
skycell.2360.020,7.68074694666298,75.00912065969862,52.95126420786592,75.35312808791971,52.72323286847296,75.38763610493754,53.15989463565071,74.66133923684326,53.17830749322522,74.63420576594513,52.741351227374814
skycell.2360.021,7.911586300594568,74.34123898764999,52.96626937862551,74.6890554183862,52.74012256924316,74.71675219595555,53.177058856315774,73.98965560468257,53.191393280205865,73.96935754752764,52.75422756687666
skycell.2360.022,8.155781355688504,73.67272013024055,52.97753227651092,74.0242589992633,52.75330533918748,74.04512197890617,53.19045604725222,73.31742445156078,53.200701887313706,73.3039783803901,52.76338710656662
skycell.2360.023,8.412163122696972,73.00374540906701,52.985044967621434,73.358916890467,52.76277195513825,73.37292904139701,53.20007672254658,72.64483035517193,53.20622671299273,72.63824726514521,52.768823427982575
skycell.2360.024,8.679638573670156,72.3344968899904,52.988802153328805,72.69320803271522,52.76851578411647,72.70035789807997,53.20591406002283,71.97205849247318,53.20796383530876,71.9723437717337,52.77053271805125
skycell.2360.025,8.957194021199792,71.66515708661879,52.98880118177981,72.02731195991711,52.77053279760304,72.02759368798517,53.20796391615596,71.29929433428944,53.205912020538406,71.30644774927299,52.76851377730697
skycell.2360.030,7.3481814795270735,75.03787299612735,53.35491728838557,75.38498792033319,53.12669622694455,75.42015746254665,53.56343546220689,74.68691128528786,53.582123979014995,74.65925695719953,53.14508655760875
skycell.2360.031,7.589033034486654,74.36362615601092,53.3701474822803,74.71462668878233,53.14383944893661,74.74285508811293,53.580856641067335,74.00878595060975,53.59540582116164,73.98809787516383,53.15815632320548
skycell.2360.032,7.843184911534166,73.68872369944617,53.381579388232616,74.04352089668437,53.15722023806472,74.0647847217751,53.59445454222328,73.33009716417536,53.604853967336155,73.31639255599787,53.167453527491986
skycell.2360.033,8.109380524380159,73.01335217816658,53.38920486312269,73.37185370347763,53.16682912869233,73.38613526345921,53.60421942919715,72.65103486442064,53.6104616413645,72.64432514536404,53.172971583042774
skycell.2360.034,8.386459492966003,72.33769892440826,53.393018468448645,72.69980919202844,53.17265931324493,72.70709658547297,53.6101442993753,71.9717896183973,53.61222481748622,71.97208038584711,53.174706576325235
skycell.2360.035,8.673358280883638,71.66195173997984,53.39301748230912,72.02757206714274,53.174706657073344,72.02785921508244,53.61222489954602,71.29255230143072,53.61014222930388,71.29984331275055,53.17265727625996
skycell.2360.036,8.969107576636633,70.98629858337765,53.38920190540814,71.35532735151814,53.17296970749673,71.34861401433702,53.61045973535376,70.61351377548024,53.60421537260075,70.6277989486865,53.16682513691568
skycell.2360.040,7.023023426210522,75.06717956406966,53.75862356595761,75.41745826949258,53.53023282619483,75.45330852007501,53.967005792317615,74.71297915967853,53.985973446330846,74.68478884271005,53.54889853302802
skycell.2360.041,7.274534058312392,74.38644534460619,53.77408161432215,74.7406885880277,53.54763274254739,74.76946405162043,53.98468717106572,74.02828758560995,53.99945382360386,74.00719814650928,53.562164151963145
skycell.2360.042,7.5391972128881335,73.70503636029389,53.78568465938892,74.06315273012206,53.56121403531117,74.08482905989325,53.99848832083333,73.34301600519359,54.009043277132605,73.32904533238734,53.57160075141263
skycell.2360.043,7.81567047202368,73.02314459582419,53.79342434232313,73.38503915097094,53.57096698891434,73.3995979636918,54.008399246755275,72.65735992702983,54.01473485065938,72.65051988995981,53.57720156977212
skycell.2360.044,8.10273093646855,72.34096285476691,53.797295080398385,72.70653727432251,53.57688461579838,72.71396620221932,54.014412760133155,71.97151551942926,54.01652441134283,71.97181193497902,53.57896258994432
skycell.2360.045,8.399271946594551,71.65868443337872,53.79729407948385,72.02783717630037,53.57896267190377,72.02812990203175,54.01652449463065,71.28567927423792,54.01441065908656,71.29311189025412,53.57688254825804
skycell.2360.046,8.704296754028755,70.97650279232138,53.793421340302274,71.3491292664901,53.5771996660919,71.34228554104163,54.014732916127905,70.6000476692738,54.00839512947602,70.61461016528112,53.570962937276526
skycell.2360.047,9.016910454080351,70.2946112276816,53.7856796584282,70.67060396762491,53.571596863458616,70.65662961101485,54.00903932618707,69.91481683082408,53.99848219030976,69.9364968359285,53.561208002480555
skycell.2360.050,6.706392249399668,75.09705652878314,54.162342645097695,75.45055683231162,53.93380225561988,75.48710772245592,54.37056517867312,74.7395574107044,54.38981551973805,74.71081538175451,53.95274681085014
skycell.2360.051,6.969220238211934,74.40970917329844,54.178031436870086,74.76725536213283,53.95146210267297,74.79659393595254,54.38851006597988,74.04817142013295,54.40349696360584,74.02666882785556,53.96621075896813
skycell.2360.052,7.24494084938243,73.72166715203517,54.18980779563878,74.08316525541922,53.96524643325324,74.1052662054953,54.40251705545478,73.35618821400642,54.413229529633846,73.34194365390552,53.97578851892303
skycell.2360.053,7.532131785171817,73.03312809537772,54.19766314006898,73.39848046887036,53.97514527405788,73.41332468542605,54.41257588567071,72.66380909082962,54.41900607576928,72.65683490207287,53.98147314948555
skycell.2360.054,7.829516390146942,72.34429049325034,54.20159173866473,72.71339597553389,53.981151451917626,72.72097060138786,54.41867917594384,71.9712360417758,54.42082235868879,71.97153827160959,53.98326052675066
skycell.2360.055,8.135955057114383,71.65535335275726,54.201590722786946,72.02810743307344,53.98326060993687,72.02840590071199,54.42082244322033,71.27867139773069,54.41867704352569,71.28624978401369,53.981149353434326
skycell.2360.056,8.450434191700472,70.96651585358568,54.19766009317758,71.34281084910904,53.98147121731426,71.33583289965394,54.419004112352106,70.5863174748506,54.41257170693289,70.60116544681104,53.97514116180032
skycell.2360.057,8.772054167415005,70.27797700266147,54.189802719958024,70.65770224505883,53.97578457279647,70.64345392901541,54.413225519710736,69.89437622018465,54.40251083346547,69.91648091739759,53.965240310203306
skycell.2360.058,9.100017217354857,69.58993528955257,54.17802433610143,69.97297731992147,53.96620480174792,69.95147097970244,54.40349091012128,69.20304885891193,54.38850180530148,69.23239116838094,53.9514539732648
skycell.2360.060,6.399587543301497,75.12752068971962,54.566034110185896,75.48430199548959,54.33736406973418,75.52157424118018,54.77407316449564,74.76666116357708,54.793609818302194,74.73735107897716,54.35659101714781
skycell.2360.061,6.67438465195679,74.43343075800728,54.5819565950861,74.79434181358903,54.35528715051139,74.82426017680912,54.79228493970866,74.06844879614519,54.80749491458765,74.04652079507045,54.37025582157396
skycell.2360.062,6.961681046097761,73.73862546974719,54.593908488088495,74.1035696492762,54.369277105559895,74.12610781421499,54.80650041560215,73.36962131667138,54.81737243715549,73.35509473697046,54.3799765440715
skycell.2360.063,7.259986173150951,73.04330832425194,54.60188097826649,73.41218517657165,54.379323695701224,73.42732327067132,54.81670905564086,72.67038604423773,54.8232350521859,72.66327371826722,54.385746058095506
skycell.2360.064,7.567983333523889,72.34768372348145,54.60586818060364,72.7203891364965,54.38541955627613,72.72811378872413,54.822903280985614,71.97095102554805,54.82507840231667,71.97125924243407,54.38756012954453
skycell.2360.065,7.884514222413396,71.65195661254437,54.60586714957031,72.02838298885845,54.38756021397314,72.02868736902167,54.82507848810802,71.27152466417634,54.82290111679098,71.2792531512899,54.38541742645421
skycell.2360.066,8.208562193313416,70.95633211780326,54.601877885928374,71.33636856090506,54.385744097068816,71.32925239976856,54.82323305951012,70.57231534822297,54.81670481465201,70.58745727198335,54.37931952204954
skycell.2360.067,8.539235659088689,70.2610151841793,54.59390333672944,70.64454769437141,54.37997253902919,70.63001728445047,54.817368367494254,69.87353107803985,54.806494100969665,69.89607306404122,54.36927089113998
skycell.2360.068,8.87575245326804,69.56621021325837,54.58194938850669,69.9531218924648,54.37024977545416,69.93119006949058,54.807488770964525,69.17537909568564,54.792276556117365,69.20530126802254,54.35527889987567
skycell.2360.070,6.104116001913161,75.1585895119018,54.96965754905447,75.51871286940674,54.74087781165295,75.55672801037963,55.17748930699004,74.79430614664597,55.19731597926528,74.7644110112636,54.76039077054473
skycell.2360.071,6.39150125715277,74.45762373530928,54.985816740944486,74.82196332878603,54.75906749954238,74.85247882530808,55.19597142404149,74.08913150866702,55.21140737115438,74.06676535382182,54.77425901251871
skycell.2360.072,6.690837276144667,73.75592108200986,54.99794643719842,74.12437753002874,54.77326572108084,74.14736600721214,55.21039809175869,73.38332314024119,55.22143173535252,73.36850608352506,54.784124538319624
skycell.2360.073,7.000584179193816,73.05369115460667,55.00603758988082,73.42616109095913,54.7834619626993,73.44160187504252,55.22075848955742,72.67709462329228,55.22738154002439,72.66984001513396,54.78998003013707
skycell.2360.074,7.319404846638308,72.3511445040774,55.010084155485345,72.72752075011225,54.789648662101406,72.73539993028801,55.227044833987584,71.97066030445647,55.229252310047535,71.97097468807632,54.79182114012962
skycell.2360.075,7.646141063489666,71.64849225209727,55.01008310909998,72.02866400104753,54.791821225816705,72.02897447118033,55.22925239711508,71.26423490544826,55.22704263760252,71.27211799719994,54.78964650053666
skycell.2360.076,7.979790248248334,70.94594571079443,55.0060344515072,71.32979872330579,54.78997803988282,71.32254020328016,55.22737951770889,70.55803313171872,55.220754185507424,70.57347782194181,54.78345772686244
skycell.2360.077,8.319483937451725,70.2437160016472,54.99794120918188,70.6311328116468,54.784120473602385,70.61631184820907,55.22142760517566,69.85226928118803,55.210391683279475,69.87526165556612,54.773259414115586
skycell.2360.078,8.664468548783967,69.54201367524023,54.985809427187895,69.93287380521889,54.774252876355526,69.91050375230839,55.21140113622142,69.14715685483296,55.19596291594425,69.17767623612268,54.75905912612332
skycell.2360.079,9.014088553049389,68.84104833358938,54.96964815500905,69.23522851831308,54.76038256748414,69.20532949700632,55.19730764425777,68.44290817089397,55.1774787056501,68.48092718076258,54.74086737797467
skycell.2360.080,5.82171833130443,75.1902811591795,55.37317257653379,75.5538093240356,55.144303036546745,75.59258976507928,55.58077320072605,74.82250872174008,55.60089368166527,74.7920108562195,55.16410570589478
skycell.2360.081,6.122241217554649,74.48230228851608,55.389571556968285,74.85013590706498,55.16276277919141,74.88126657893869,55.59952919226168,74.1102318286118,55.61519407288603,74.0874142610114,55.1781800237654
skycell.2360.082,6.43399120965409,73.77356414964697,55.40188137666401,74.14560097966884,55.177171967675534,74.16905339463693,55.61416981915407,73.39730182796008,55.625367207131575,73.38218549529634,55.18819223449854
skycell.2360.083,6.755406867154361,73.0642826946269,55.41009274291428,73.44041634126103,55.18751980513225,73.45616898359143,55.62468396741043,72.68393881911148,55.63140534800908,72.67653761629023,55.19413482279334
skycell.2360.084,7.085156864052516,72.3546748724193,55.41419944852154,72.73479496895207,55.193798525196584,72.74283336055422,55.63106364221094,71.97036370548737,55.633303898738966,71.97068444278543,55.19600332336061
skycell.2360.085,7.4221065127621735,71.64495823192773,55.414198386583216,72.02895063332835,55.19600341032256,72.029267378048,55.63330398709952,71.25679778492156,55.63106141321195,71.264840167113,55.193796331475795
skycell.2360.086,7.7652875154150065,70.9353505222735,55.41008955790297,71.32309751063356,55.19413280293101,71.3156923169198,55.63140329566389,70.54346233814584,55.62467959947051,70.55921896540742,55.18751550630159
skycell.2360.087,8.113871546224157,70.22606929215308,55.401876070988656,70.61744979310626,55.18818810933033,70.60232947490569,55.62536301564369,69.83057821735528,55.61416331559688,69.85403460794495,55.17716556696359
skycell.2360.088,8.46714767040503,69.51733149011685,55.38956413463739,69.91222129924513,55.17817379638973,69.88939975511703,55.615187745445105,69.11836543676353,55.599520558028985,69.1495000713261,55.1627542813988
skycell.2360.089,8.824503304887399,68.80935306760213,55.37316304314595,69.20762508577249,55.164097380982945,69.17712325635925,55.60088522307992,68.40704276704129,55.58076244236591,68.44582715425739,55.144292448034854
skycell.2360.090,5.554392884079988,75.22261452949813,55.77653885791867,75.58961202700931,55.54759933503071,75.62918108177256,55.983884500914165,74.85128591635831,56.00430266986149,74.82016692236557,55.567695497907515
skycell.2360.091,5.868483740388536,74.50748117533452,55.79318077989646,74.8788761915223,55.56633265843886,74.91064081440022,56.00291798265487,74.13176252702043,56.018814828042736,74.10847974750365,55.58197859029745
skycell.2360.092,6.192888247425291,73.79156524560688,55.805673097235136,74.16725256719566,55.58095557599641,74.1911831005275,56.01777540145663,73.41156585538991,56.029138706485014,73.39614108891847,55.59213941072628
skycell.2360.093,6.526061014673469,73.0750893005,55.81400626432779,73.45495938480444,55.59145699821437,73.47103342760677,56.02844534011366,72.69092278580999,56.035266357384145,72.68337049980278,55.59817023988534
skycell.2360.094,6.86670935493843,72.35827694865165,55.8181739048382,72.74221611331687,55.59782894792606,72.750418591009,56.03491958535555,71.97006104855953,56.03719305822059,71.97038833411355,55.6000664911559
skycell.2360.095,7.213749708318405,71.64135242969854,55.81817282714129,72.02924305600207,55.60006657940943,72.02956626746422,56.037193147891315,71.24920878887205,56.03491732330908,71.25741533858489,55.59782672162657
skycell.2360.096,7.5662706545754155,70.92454019386697,55.81400303206258,71.31626094267797,55.59816819002576,71.3087045843343,56.03526427461001,70.52859413398818,56.02844090743543,70.54467224291994,55.591452635562725
skycell.2360.097,7.923502161056542,70.20806448057586,55.80566771287627,70.60349051998142,55.59213522431317,70.58806168675,56.02913445287183,69.80844476029336,56.017768801561125,69.83237935006164,55.580949080308855
skycell.2360.098,8.284790330130523,69.49214889802845,55.79317324756162,69.89115214156058,55.581972270513454,69.86786530466394,56.01880840686735,69.0889874625921,56.0029092206188,69.12075612844205,55.566324034646286
skycell.2360.099,8.649576808241545,68.77701600576034,55.77652918335868,69.17946536008924,55.567687049550614,69.14834232187121,56.00429408606385,68.3704477275513,55.98387358346412,68.41002080809254,55.54758858966674
skycell.2361.000,6.844786714029154,81.49867294786264,52.1442789777195,81.83662837692353,51.91668720108765,81.86986807270729,52.3530630942192,81.15708305975525,52.37093479830683,81.13094813769251,51.93427157587293
skycell.2361.001,6.909730865941718,80.84316850705756,52.1588423806664,81.1847863412252,51.93307914230748,81.21146392778829,52.36972287295573,80.49792310766388,52.38363572211883,80.47837272521352,51.94676816304236
skycell.2361.002,6.997183005833459,80.18706172232754,52.16977349264488,80.53225990939184,51.9458731411448,80.5523544554951,52.38272606143935,79.83824573958063,52.392670418059005,79.8252952716093,51.95565743510485
skycell.2361.003,7.106323941598271,79.53052402651224,52.1770647797816,79.8792174955276,51.95506043819655,79.89271320075883,52.39206365271846,79.17822540155339,52.39803261832445,79.1718850479608,51.9609332967375
skycell.2361.004,7.236175064532353,78.87372753011076,52.18071121086553,79.22582831615316,51.96063473439638,79.23271455225458,52.397729169495875,78.51803708497091,52.39971859941462,78.51831184394126,51.96259212698166
skycell.2361.005,7.385638101389567,78.21684475125903,52.18071026795833,78.5722621281227,51.96259220418492,78.57253346685843,52.399718677881545,77.85785604862717,52.39772719005108,77.86474570350346,51.96063278682669
skycell.2361.006,7.553534625892715,77.56004834410352,52.17706195171131,77.91868896443883,51.96093150352135,77.91234519184883,52.39803079575904,77.19785753972253,52.39205977367077,77.21135665957571,51.95505662159755
skycell.2361.007,7.738642713830545,76.9035108266395,52.169768781363814,77.26527886899137,51.95565377270043,77.25232498595355,52.39266669572724,76.53821651491091,52.3827202854812,76.55831446880099,51.94586745813479
skycell.2361.008,7.939728954855529,76.24740430908534,52.15883578942399,76.61220163125364,51.946762633962386,76.5926478403511,52.38363010260459,75.87910736250221,52.36971520409138,75.90578834735264,51.93307159678058
skycell.2361.009,8.15557487024991,75.59190022386092,52.14427051105529,75.9596265219704,51.93426418390652,75.93348820073588,52.37092728550637,75.22070362692057,52.35305353775616,75.25394670885267,51.916677798205576
skycell.2361.010,6.44475197083844,81.52636292671718,52.54770467615468,81.86731766573095,52.31988310303019,81.90118262743295,52.75642372700936,81.18170494379224,52.77456433520079,81.1550777622771,52.33773283028838
skycell.2361.011,6.5135806347850576,80.86472762511546,52.562487600516704,81.20941699403915,52.336522395808416,81.23659701696857,52.773334167690685,80.51634198119218,52.78745649815995,80.4964230204093,52.35041812487184
skycell.2361.012,6.606198187577988,80.20247288518549,52.57358358011647,80.55081261587412,52.349509583884455,80.57128597419084,52.7865331368511,79.85044683372507,52.79662729955879,79.8372520532054,52.35944169756965
skycell.2361.013,6.721633769177297,79.53977499184326,52.58098488404954,79.89167767887433,52.358835679403946,79.90542797138647,52.79601139164832,79.18419891802341,52.802070307225506,79.17773890597086,52.36479729388538
skycell.2361.014,6.858738235107474,78.87681094003054,52.584686349393664,79.23218617119223,52.364494218819885,79.2392023650606,52.801762284936544,78.51777822225948,52.80378169993567,78.51805816726126,52.36648119822953
skycell.2361.015,7.0162350964675015,78.21375815181656,52.58468539225433,78.57251264700311,52.366481276599814,78.57278910721392,52.80378177958535,77.85136501486755,52.80176027565856,77.85838469201151,52.36449224181317
skycell.2361.016,7.192769865482462,77.55079419178782,52.58098201329982,77.91283194977058,52.36479547356485,77.90636845421139,52.80206845719091,77.18513955213074,52.79600745415306,77.19889332360741,52.358831805132894
skycell.2361.017,7.386954457996319,76.88809648186617,52.57357879775986,77.25331893436356,52.359437979821664,77.2401206744179,52.7966235211392,76.5192817858169,52.786527273901655,76.53975861600294,52.34950381503574
skycell.2361.018,7.597404599317318,76.22584201669922,52.562480909887654,76.59414818912828,52.350412512274765,76.57422575578538,52.787450794007,75.85397107204847,52.77332638339623,75.88115455698676,52.33651473637778
skycell.2361.019,7.822769388978449,75.56420708076311,52.54769608191137,75.9354937590179,52.33772532673019,75.90886311457588,52.77455670931288,75.18938588258084,52.75641402681634,75.22325429369228,52.3198735583139
skycell.2361.020,6.045074068330519,81.55457659231581,52.95126420786592,81.8985840205369,52.72323286847296,81.93309203755473,53.15989463565071,81.20679516946045,53.17830749322522,81.17966169856231,52.741351227374814
skycell.2361.021,6.118296551884279,80.88669492026717,52.96626937862551,81.23451135100339,52.74012256924316,81.26220812857274,53.177058856315774,80.53511153729976,53.191393280205865,80.51481348014482,52.75422756687666
skycell.2361.022,6.21672442322031,80.21817606285774,52.97753227651092,80.56971493188048,52.75330533918748,80.59057791152335,53.19045604725222,79.86288038417797,53.200701887313706,79.8494343130073,52.76338710656662
skycell.2361.023,6.339196921433704,79.5492013416842,52.985044967621434,79.90437282308419,52.76277195513825,79.9183849740142,53.20007672254658,79.19028628778912,53.20622671299273,79.1837031977624,52.768823427982575
skycell.2361.024,6.484354827107838,78.87995282260759,52.988802153328805,79.2386639653324,52.76851578411647,79.24581383069716,53.20591406002283,78.51751442509037,53.20796383530876,78.51779970435089,52.77053271805125
skycell.2361.025,6.650706272243755,78.21061301923598,52.98880118177981,78.5727678925343,52.77053279760304,78.57304962060236,53.20796391615596,77.84475026690663,53.205912020538406,77.85190368189018,52.76851377730697
skycell.2361.026,6.836688551882246,77.54136459457851,52.98504205366037,77.90686444178472,52.768821580220845,77.90027780189928,53.206224835145264,77.17217927132154,53.20007272587316,77.18619496739352,52.762768022479115
skycell.2361.027,7.040721728497647,76.87239006208873,52.97752742219396,77.24113346213194,52.76338333278788,77.22768384534008,53.20069805210511,76.49998657712119,53.19045009622573,76.52085309453821,52.753299483435875
skycell.2361.028,7.261251833977201,76.20387148731933,52.96626258737467,76.57575452329718,52.754221869726926,76.55545292765089,53.19138749035767,75.82835669855598,53.17705095515346,75.85605700366082,52.740114794499526
skycell.2361.029,7.496783196784135,75.53599019140604,52.951255484461655,75.91090662552408,52.74134361084389,75.88376962613722,53.17829975284101,75.1574732226767,53.159884789942176,75.19198475414822,52.72322318017215
skycell.2361.030,5.645898531559344,81.58332892874454,53.35491728838557,81.93044385295038,53.12669622694455,81.96561339516384,53.56343546220689,81.23236721790505,53.582123979014995,81.20471288981672,53.14508655760875
skycell.2361.031,5.72412689473818,80.90908208862811,53.3701474822803,81.26008262139952,53.14383944893661,81.28831102073012,53.580856641067335,80.55424188322694,53.59540582116164,80.53355380778102,53.15815632320548
skycell.2361.032,5.829132237543608,80.23417963206336,53.381579388232616,80.58897682930156,53.15722023806472,80.61024065439229,53.59445454222328,79.87555309679254,53.604853967336155,79.86184848861505,53.167453527491986
skycell.2361.033,5.959513396688118,79.55880811078377,53.38920486312269,79.91730963609481,53.16682912869233,79.9315911960764,53.60421942919715,79.19649079703782,53.6104616413645,79.18978107798122,53.172971583042774
skycell.2361.034,6.113650338196918,78.88315485702545,53.393018468448645,79.24526512464563,53.17265931324493,79.25255251809016,53.6101442993753,78.51724555101448,53.61222481748622,78.5175363184643,53.174706576325235
skycell.2361.035,6.289789821110044,78.20740767259703,53.39301748230912,78.57302799975993,53.174706657073344,78.57331514769963,53.61222489954602,77.8380082340479,53.61014222930388,77.84529924536774,53.17265727625996
skycell.2361.036,6.486122888162246,77.53175451599483,53.38920190540814,77.90078328413533,53.17296970749673,77.8940699469542,53.61045973535376,77.15896970809743,53.60421537260075,77.17325488130369,53.16682513691568
skycell.2361.037,6.700849079514034,76.8563831888655,53.38157446105356,77.2287160130029,53.16744969698246,77.21500779110288,53.60485007462371,76.48032050017304,53.5944485020128,76.5015879308349,53.15721429432615
skycell.2361.038,6.9322253697371945,76.18148102312169,53.37014058914903,76.55701092871715,53.15815054044817,76.5363192469551,53.59539994454106,75.80225048216147,53.5808486215716,75.83048247642802,53.143831557444464
skycell.2361.039,7.178600220902466,75.50723457001352,53.35490843420853,75.88585217655363,53.14507882669846,75.85819425253923,53.58211612269832,75.12494855340465,53.56342546916296,75.16012167696651,53.12668639327641
skycell.2361.040,5.247402766147391,81.61263549668685,53.75862356595761,81.96291420210977,53.53023282619483,81.9987644526922,53.967005792317615,81.25843509229571,53.985973446330846,81.23024477532724,53.54889853302802
skycell.2361.041,5.331380663878771,80.93190127722337,53.77408161432215,81.28614452064488,53.54763274254739,81.31491998423762,53.98468717106572,80.57374351822713,53.99945382360386,80.55265407912647,53.562164151963145
skycell.2361.042,5.443884107213964,80.25049229291108,53.78568465938892,80.60860866273924,53.56121403531117,80.63028499251044,53.99848832083333,79.88847193781078,54.009043277132605,79.87450126500453,53.57160075141263
skycell.2361.043,5.583204020211974,79.56860052844138,53.79342434232313,79.93049508358813,53.57096698891434,79.94505389630899,54.008399246755275,79.20281585964702,54.01473485065938,79.195975822577,53.57720156977212
skycell.2361.044,5.74739408501435,78.8864187873841,53.797295080398385,79.2519932069397,53.57688461579838,79.25942213483651,54.014412760133155,78.51697145204645,54.01652441134283,78.5172678675962,53.57896258994432
skycell.2361.045,5.934382947542221,78.20414036599591,53.79729407948385,78.57329310891755,53.57896267190377,78.57358583464894,54.01652449463065,77.83113520685511,54.01441065908656,77.83856782287131,53.57688254825804
skycell.2361.046,6.142071097831999,77.52195872493857,53.793421340302274,77.89458519910728,53.5771996660919,77.88774147365882,54.014732916127905,77.145503601891,54.00839512947602,77.16006609789831,53.570962937276526
skycell.2361.047,6.368406669066094,76.84006716029879,53.7856796584282,77.2160599002421,53.571596863458616,77.20208554363204,54.00903932618707,76.46027276344127,53.99848219030976,76.48195276854568,53.561208002480555
skycell.2361.048,6.611439105730946,76.158658475307,53.774074618027015,76.53790732783283,53.562158282522866,76.51681421262484,53.99944785911211,75.77563813026751,53.9846790317416,75.80441725814225,53.54762473284346
skycell.2361.049,6.869352827852447,75.47792465414756,53.75861457936436,75.86031697108936,53.5488906863045,75.83212298881001,53.98596547261687,75.09179412055497,53.966995650082154,75.12764802130155,53.53022284534235
skycell.2361.050,4.84980890120552,81.64251246140033,54.162342645097695,81.9960127649288,53.93380225561988,82.0325636550731,54.37056517867312,81.2850133433216,54.38981551973805,81.2562713143717,53.95274681085014
skycell.2361.051,4.940450939814588,80.95516510591563,54.178031436870086,81.31271129475002,53.95146210267297,81.34204986856973,54.38851006597988,80.59362735275013,54.40349696360584,80.57212476047275,53.96621075896813
skycell.2361.052,5.061567641815465,80.26712308465235,54.18980779563878,80.6286211880364,53.96524643325324,80.65072213811249,54.40251705545478,79.90164414662361,54.413229529633846,79.8873995865227,53.97578851892303
skycell.2361.053,5.211050688976017,79.5785840279949,54.19766314006898,79.94393640148755,53.97514527405788,79.95878061804324,54.41257588567071,79.2092650234468,54.41900607576928,79.20229083469006,53.98147314948555
skycell.2361.054,5.386542735680791,78.88974642586753,54.20159173866473,79.25885190815107,53.981151451917626,79.26642653400505,54.41867917594384,78.51669197439298,54.42082235868879,78.51699420422678,53.98326052675066
skycell.2361.055,5.585584936592575,78.20080928537445,54.201590722786946,78.57356336569063,53.98326060993687,78.57386183332918,54.42082244322033,77.82412733034788,54.41867704352569,77.83170571663088,53.981149353434326
skycell.2361.056,5.805737018234208,77.51197178620286,54.19766009317758,77.88826678172623,53.98147121731426,77.88128883227112,54.419004112352106,77.13177340746779,54.41257170693289,77.14662137942823,53.97514116180032
skycell.2361.057,6.0446644178532,76.82343293527866,54.189802719958024,77.20315817767602,53.97578457279647,77.1889098616326,54.413225519710736,76.43983215280184,54.40251083346547,76.46193685001478,53.965240310203306
skycell.2361.058,6.300193929785831,76.13539122216976,54.17802433610143,76.51843325253866,53.96620480174792,76.49692691231962,54.40349091012128,75.74850479152911,54.38850180530148,75.77784710099813,53.9514539732648
skycell.2361.059,6.570343173089005,75.44804427672831,54.16233352441144,75.83428704805681,53.95273884685094,75.8055412823882,54.389807427131466,75.05799147734812,54.37055488535177,75.09454608846737,53.93379212573001
skycell.2361.060,4.453403349893441,81.6729766223368,54.566034110185896,82.02975792810678,54.33736406973418,82.06703017379736,54.77407316449564,81.31211709619427,54.793609818302194,81.28280701159434,54.35659101714781
skycell.2361.061,4.551849678657337,80.97888669062446,54.5819565950861,81.33979774620622,54.35528715051139,81.3697161094263,54.79228493970866,80.61390472876238,54.80749491458765,80.59197672768764,54.37025582157396
skycell.2361.062,4.6829436253312515,80.28408140236438,54.593908488088495,80.64902558189338,54.369277105559895,80.67156374683218,54.80650041560215,79.91507724928857,54.81737243715549,79.90055066958764,54.3799765440715
skycell.2361.063,4.844052688707399,79.58876425686913,54.60188097826649,79.95764110918884,54.379323695701224,79.97277920328851,54.81670905564086,79.21584197685492,54.8232350521859,79.20872965088441,54.385746058095506
skycell.2361.064,5.0322989060704835,78.89313965609864,54.60586818060364,79.26584506911368,54.38541955627613,79.27356972134132,54.822903280985614,78.51640695816523,54.82507840231667,78.51671517505126,54.38756012954453
skycell.2361.065,5.244752674697679,78.19741254516155,54.60586714957031,78.57383892147564,54.38756021397314,78.57414330163886,54.82507848810802,77.81698059679353,54.82290111679098,77.82470908390708,54.38541742645421
skycell.2361.066,5.478578765742978,77.50178805042044,54.601877885928374,77.88182449352225,54.385744097068816,77.87470833238575,54.82323305951012,77.11777128084016,54.81670481465201,77.13291320460054,54.37931952204954
skycell.2361.067,5.731131820735683,76.80647111679649,54.59390333672944,77.1900036269886,54.37997253902919,77.17547321706766,54.817368367494254,76.41898701065703,54.806494100969665,76.4415289966584,54.36927089113998
skycell.2361.068,6.00000819341996,76.11166614587556,54.58194938850669,76.49857782508198,54.37024977545416,76.47664600210777,54.807488770964525,75.72083502830283,54.792276556117365,75.75075720063973,54.35527889987567
skycell.2361.069,6.283064910467266,75.41757663641125,54.56602485369464,75.80774790094544,54.356582934380214,75.77843400611667,54.7936016052757,75.02352145037521,54.77406271815366,75.06079748992417,54.33735378891577
skycell.2361.070,4.058567507595676,81.70404544451898,54.96965754905447,82.06416880202393,54.74087781165295,82.10218394299682,55.17748930699004,81.33976207926315,55.19731597926528,81.30986694388079,54.76039077054473
skycell.2361.071,4.166260835924845,81.00307966792647,54.985816740944486,81.36741926140321,54.75906749954238,81.39793475792527,55.19597142404149,80.63458744128421,55.21140737115438,80.61222128643901,54.77425901251871
skycell.2361.072,4.309016812772812,80.30137701462705,54.99794643719842,80.66983346264593,54.77326572108084,80.69282193982933,55.21039809175869,79.92877907285838,55.22143173535252,79.91396201614225,54.784124538319624
skycell.2361.073,4.4835062708099604,79.59914708722386,55.00603758988082,79.97161702357631,54.7834619626993,79.98705780765971,55.22075848955742,79.22255055590946,55.22738154002439,79.21529594775114,54.78998003013707
skycell.2361.074,4.6861900993936825,78.89660043669458,55.010084155485345,79.27297668272944,54.789648662101406,79.2808558629052,55.227044833987584,78.51611623707366,55.229252310047535,78.51643062069351,54.79182114012962
skycell.2361.075,4.913571577522875,78.19394818471446,55.01008310909998,78.57411993366472,54.791821225816705,78.57443040379752,55.22925239711508,77.80969083806545,55.22704263760252,77.81757392981713,54.78964650053666
skycell.2361.076,5.162367328666479,77.49140164341162,55.0060344515072,77.87525465592297,54.78997803988282,77.86799613589734,55.22737951770889,77.1034890643359,55.220754185507424,77.118933754559,54.78345772686244
skycell.2361.077,5.429602729628472,76.78917193426439,54.99794120918188,77.17658874426398,54.784120473602385,77.16176778082625,55.22142760517566,76.39772521380522,55.210391683279475,76.42071758818331,54.773259414115586
skycell.2361.078,5.712649266109417,76.08746960785741,54.985809427187895,76.47832973783608,54.774252876355526,76.45595968492557,55.21140113622142,75.69261278745014,55.19596291594425,75.72313216873987,54.75905912612332
skycell.2361.079,6.009223274466751,75.38650426620657,54.96964815500905,75.78068445093027,54.76038256748414,75.7507854296235,55.19730764425777,74.98836410351116,55.1774787056501,75.02638311337977,54.74086737797467
skycell.2361.080,3.6658276105714367,81.7357370917967,55.37317257653379,82.09926525665279,55.144303036546745,82.13804569769647,55.58077320072605,81.36796465435727,55.60089368166527,81.3374667888367,55.16410570589478
skycell.2361.081,3.784623677785929,81.02775822113327,55.389571556968285,81.39559183968217,55.16276277919141,81.42672251155588,55.59952919226168,80.65568776122899,55.61519407288603,80.63287019362859,55.1781800237654
skycell.2361.082,3.94114210594991,80.31902008226416,55.40188137666401,80.69105691228603,55.177171967675534,80.71450932725412,55.61416981915407,79.94275776057727,55.625367207131575,79.92764142791353,55.18819223449854
skycell.2361.083,4.13111787556825,79.60973862724408,55.41009274291428,79.98587227387821,55.18751980513225,80.00162491620861,55.62468396741043,79.22939475172866,55.63140534800908,79.22199354890742,55.19413482279334
skycell.2361.084,4.35017452483416,78.90013080503648,55.41419944852154,79.28025090156926,55.193798525196584,79.2882892931714,55.63106364221094,78.51581963810456,55.633303898738966,78.51614037540261,55.19600332336061
skycell.2361.085,4.59414452884115,78.19041416454492,55.414198386583216,78.57440656594554,55.19600341032256,78.57472331066519,55.63330398709952,77.80225371753875,55.63106141321195,77.81029609973018,55.193796331475795
skycell.2361.086,4.8592546425286285,77.48080645489068,55.41008955790297,77.86855344325075,55.19413280293101,77.86114824953698,55.63140329566389,77.08891827076303,55.62467959947051,77.10467489802461,55.18751550630159
skycell.2361.087,5.142202793474615,76.77152522477027,55.401876070988656,77.16290572572345,55.18818810933033,77.14778540752287,55.62536301564369,76.37603414997247,55.61416331559688,76.39949054056214,55.17716556696359
skycell.2361.088,5.4401630259128035,76.06278742273403,55.38956413463739,76.45767723186232,55.17817379638973,76.43485568773421,55.615187745445105,75.66382136938071,55.599520558028985,75.69495600394329,55.1627542813988
skycell.2361.089,5.750750291537313,75.35480900021932,55.37316304314595,75.75308101838968,55.164097380982945,75.72257918897644,55.60088522307992,74.95249869965848,55.58076244236591,74.99128308687457,55.144292448034854
skycell.2361.090,3.2759389709949445,81.76807046211532,55.77653885791867,82.1350679596265,55.54759933503071,82.17463701438975,55.983884500914165,81.3967418489755,56.00430266986149,81.36562285498276,55.567695497907515
skycell.2361.091,3.408267265401932,81.0529371079517,55.79318077989646,81.42433212413948,55.56633265843886,81.45609674701741,56.00291798265487,80.67721845963761,56.018814828042736,80.65393568012084,55.58197859029745
skycell.2361.092,3.581186370157885,80.33702117822406,55.805673097235136,80.71270849981285,55.58095557599641,80.73663903314468,56.01777540145663,79.9570217880071,56.029138706485014,79.94159702153566,55.59213941072628
skycell.2361.093,3.7891654741033327,79.62054523311718,55.81400626432779,80.00041531742163,55.59145699821437,80.01648936022396,56.02844534011366,79.23637871842718,56.035266357384145,79.22882643241996,55.59817023988534
skycell.2361.094,4.026780838016192,78.90373288126884,55.8181739048382,79.28767204593406,55.59782894792606,79.29587452362618,56.03491958535555,78.51551698117672,56.03719305822059,78.51584426673074,55.6000664911559
skycell.2361.095,4.28909956519261,78.18680836231573,55.81817282714129,78.57469898861926,55.60006657940943,78.5750222000814,56.037193147891315,77.79466472148924,56.03491732330908,77.80287127120208,55.59782672162657
skycell.2361.096,4.5718478510950336,77.46999612648416,55.81400303206258,77.86171687529516,55.59816819002576,77.85416051695148,56.03526427461001,77.07405006660537,56.02844090743543,77.09012817553713,55.591452635562725
skycell.2361.097,4.871434412537545,76.75352041319304,55.80566771287627,77.14894645259861,55.59213522431317,77.13351761936718,56.02913445287183,76.35390069291054,56.017768801561125,76.37783528267883,55.580949080308855
skycell.2361.098,5.1848958447068325,76.03760483064563,55.79317324756162,76.43660807417777,55.581972270513454,76.41332123728112,56.01880840686735,75.63444339520929,56.0029092206188,75.66621206105924,55.566324034646286
skycell.2361.099,5.509810243235431,75.32247193837753,55.77652918335868,75.72492129270643,55.567687049550614,75.6937982544884,56.00429408606385,74.91590366016848,55.98387358346412,74.95547674070973,55.54758858966674
skycell.2362.000,7.138228537825105,88.04412888047983,52.1442789777195,88.38208430954072,51.91668720108765,88.41532400532448,52.3530630942192,87.70253899237244,52.37093479830683,87.6764040703097,51.93427157587293
skycell.2362.001,7.00851524483862,87.38862443967474,52.1588423806664,87.73024227384239,51.93307914230748,87.75691986040547,52.36972287295573,87.04337904028107,52.38363572211883,87.0238286578307,51.94676816304236
skycell.2362.002,6.899730167256822,86.73251765494473,52.16977349264488,87.07771584200903,51.9458731411448,87.0978103881123,52.38272606143935,86.38370167219782,52.392670418059005,86.3707512042265,51.95565743510485
skycell.2362.003,6.8129079199758955,86.07597995912943,52.1770647797816,86.42467342814479,51.95506043819655,86.43816913337602,52.39206365271846,85.72368133417058,52.39803261832445,85.71734098057799,51.9609332967375
skycell.2362.004,6.748919092084992,85.41918346272794,52.18071121086553,85.77128424877034,51.96063473439638,85.77817048487177,52.397729169495875,85.0634930175881,52.39971859941462,85.06376777655845,51.96259212698166
skycell.2362.005,6.708430647857976,84.76230068387622,52.18071026795833,85.11771806073989,51.96259220418492,85.11798939947562,52.399718677881545,84.40331198124436,52.39772719005108,84.41020163612065,51.96063278682669
skycell.2362.006,6.691873189659722,84.10550427672071,52.17706195171131,84.46414489705602,51.96093150352135,84.45780112446602,52.39803079575904,83.74331347233972,52.39205977367077,83.7568125921929,51.95505662159755
skycell.2362.007,6.699418646043497,83.44896675925669,52.169768781363814,83.81073480160856,51.95565377270043,83.79778091857074,52.39266669572724,83.0836724475281,52.3827202854812,83.10377040141817,51.94586745813479
skycell.2362.008,6.730970997026173,82.79286024170253,52.15883578942399,83.15765756387083,51.946762633962386,83.1381037729683,52.38363010260459,82.4245632951194,52.36971520409138,82.45124427996983,51.93307159678058
skycell.2362.009,6.786171167403677,82.1373561564781,52.14427051105529,82.5050824545876,51.93426418390652,82.47894413335307,52.37092728550637,81.76615955953775,52.35305353775616,81.79940264146985,51.916677798205576
skycell.2362.010,6.761198748923493,88.07181885933437,52.54770467615468,88.41277359834814,52.31988310303019,88.44663856005013,52.75642372700936,87.72716087640943,52.77456433520079,87.70053369489429,52.33773283028838
skycell.2362.011,6.624018390391967,87.41018355773265,52.562487600516704,87.75487292665633,52.336522395808416,87.78205294958576,52.773334167690685,87.06179791380937,52.78745649815995,87.04187895302648,52.35041812487184
skycell.2362.012,6.508743548449007,86.74792881780267,52.57358358011647,87.09626854849131,52.349509583884455,87.11674190680803,52.7865331368511,86.39590276634226,52.79662729955879,86.38270798582259,52.35944169756965
skycell.2362.013,6.416588983548993,86.08523092446045,52.58098488404954,86.43713361149152,52.358835679403946,86.45088390400366,52.79601139164832,85.7296548506406,52.802070307225506,85.72319483858804,52.36479729388538
skycell.2362.014,6.348585978070127,85.42226687264773,52.584686349393664,85.77764210380941,52.364494218819885,85.7846582976778,52.801762284936544,85.06323415487667,52.80378169993567,85.06351409987845,52.36648119822953
skycell.2362.015,6.3055303964360965,84.75921408443375,52.58468539225433,85.1179685796203,52.366481276599814,85.11824503983111,52.80378177958535,84.39682094748474,52.80176027565856,84.4038406246287,52.36449224181317
skycell.2362.016,6.287939017831396,84.096250124405,52.58098201329982,84.45828788238776,52.36479547356485,84.45182438682858,52.80206845719091,83.73059548474792,52.79600745415306,83.7443492562246,52.358831805132894
skycell.2362.017,6.296019416582958,83.43355241448336,52.57357879775986,83.79877486698075,52.359437979821664,83.78557660703508,52.7966235211392,83.06473771843409,52.786527273901655,83.08521454862013,52.34950381503574
skycell.2362.018,6.329657340373827,82.7712979493164,52.562480909887654,83.13960412174546,52.350412512274765,83.11968168840257,52.787450794007,82.39942700466565,52.77332638339623,82.42661048960395,52.33651473637778
skycell.2362.019,6.388423318007504,82.1096630133803,52.54769608191137,82.48094969163509,52.33772532673019,82.45431904719307,52.77455670931288,81.73484181519802,52.75641402681634,81.76871022630947,52.3198735583139
skycell.2362.020,6.3872943053898465,88.100032524933,52.95126420786592,88.44403995315409,52.72323286847296,88.47854797017192,53.15989463565071,87.75225110207764,53.17830749322522,87.7251176311795,52.741351227374814
skycell.2362.021,6.241823461258954,87.43215085288436,52.96626937862551,87.77996728362058,52.74012256924316,87.80766406118993,53.177058856315774,87.08056746991694,53.191393280205865,87.06026941276201,52.75422756687666
skycell.2362.022,6.119294212807097,86.76363199547492,52.97753227651092,87.11517086449767,52.75330533918748,87.13603384414054,53.19045604725222,86.40833631679516,53.200701887313706,86.39489024562448,52.76338710656662
skycell.2362.023,6.021143612405673,86.09465727430138,52.985044967621434,86.44982875570138,52.76277195513825,86.46384090663139,53.20007672254658,85.73574222040631,53.20622671299273,85.72915913037959,52.768823427982575
skycell.2362.024,5.948604548658303,85.42540875522478,52.988802153328805,85.7841198979496,52.76851578411647,85.79126976331435,53.20591406002283,85.06297035770756,53.20796383530876,85.06325563696808,52.77053271805125
skycell.2362.025,5.90263675078828,84.75606895185317,52.98880118177981,85.11822382515149,52.77053279760304,85.11850555321955,53.20796391615596,84.39020619952382,53.205912020538406,84.39735961450737,52.76851377730697
skycell.2362.026,5.883867600247964,84.0868205271957,52.98504205366037,84.4523203744019,52.768821580220845,84.44573373451647,53.206224835145264,83.71763520393873,53.20007272587316,83.7316509000107,52.762768022479115
skycell.2362.027,5.89255071736298,83.41784599470591,52.97752742219396,83.78658939474913,52.76338333278788,83.77313977795727,53.20069805210511,83.04544250973838,53.19045009622573,83.0663090271554,52.753299483435875
skycell.2362.028,5.928548444751113,82.74932741993652,52.96626258737467,83.12121045591437,52.754221869726926,83.10090886026808,53.19138749035767,82.37381263117317,53.17705095515346,82.40151293627801,52.740114794499526
skycell.2362.029,5.991340950968661,82.08144612402323,52.951255484461655,82.45636255814127,52.74134361084389,82.42922555875441,53.17829975284101,81.70292915529389,53.159884789942176,81.73744068676541,52.72322318017215
skycell.2362.030,6.0171626746024796,88.12878486136172,53.35491728838557,88.47589978556756,53.12669622694455,88.51106932778103,53.56343546220689,87.77782315052224,53.582123979014995,87.7501688224339,53.14508655760875
skycell.2362.031,5.862447258806641,87.4545380212453,53.3701474822803,87.8055385540167,53.14383944893661,87.83376695334731,53.580856641067335,87.09969781584412,53.59540582116164,87.0790097403982,53.15815632320548
skycell.2362.032,5.731763646981875,86.77963556468055,53.381579388232616,87.13443276191875,53.15722023806472,87.15569658700947,53.59445454222328,86.42100902940973,53.604853967336155,86.40730442123224,53.167453527491986
skycell.2362.033,5.626825403516617,86.10426404340096,53.38920486312269,86.462765568712,53.16682912869233,86.47704712869358,53.60421942919715,85.74194672965501,53.6104616413645,85.73523701059841,53.172971583042774
skycell.2362.034,5.549121250776263,85.42861078964263,53.393018468448645,85.79072105726281,53.17265931324493,85.79800845070734,53.6101442993753,85.06270148363167,53.61222481748622,85.06299225108148,53.174706576325235
skycell.2362.035,5.4998221906993034,84.75286360521422,53.39301748230912,85.11848393237712,53.174706657073344,85.11877108031682,53.61222489954602,84.38346416666509,53.61014222930388,84.39075517798493,53.17265727625996
skycell.2362.036,5.4796998517508,84.07721044861202,53.38920190540814,84.44623921675252,53.17296970749673,84.43952587957139,53.61045973535376,83.70442564071462,53.60421537260075,83.71871081392088,53.16682513691568
skycell.2362.037,5.489068359570031,83.40183912148268,53.38157446105356,83.77417194562008,53.16744969698246,83.76046372372006,53.60485007462371,83.02577643279022,53.5944485020128,83.04704386345209,53.15721429432615
skycell.2362.038,5.5277594807279,82.72693695573888,53.37014058914903,83.10246686133434,53.15815054044817,83.08177517957229,53.59539994454106,82.34770641477866,53.5808486215716,82.3759384090452,53.143831557444464
skycell.2362.039,5.595135453658053,82.05269050263071,53.35490843420853,82.43130810917081,53.14507882669846,82.40365018515642,53.58211612269832,81.67040448602184,53.56342546916296,81.7055776095837,53.12668639327641
skycell.2362.040,5.651602777593957,88.15809142930404,53.75862356595761,88.50837013472696,53.53023282619483,88.54422038530939,53.967005792317615,87.8038910249129,53.985973446330846,87.77570070794442,53.54889853302802
skycell.2362.041,5.486533913142442,87.47735720984056,53.77408161432215,87.83160045326207,53.54763274254739,87.8603759168548,53.98468717106572,87.11919945084432,53.99945382360386,87.09811001174366,53.562164151963145
skycell.2362.042,5.34663005423996,86.79594822552826,53.78568465938892,87.15406459535643,53.56121403531117,87.17574092512763,53.99848832083333,86.43392787042796,54.009043277132605,86.41995719762171,53.57160075141263
skycell.2362.043,5.233951411818471,86.11405646105857,53.79342434232313,86.47595101620531,53.57096698891434,86.49050982892618,54.008399246755275,85.7482717922642,54.01473485065938,85.74143175519418,53.57720156977212
skycell.2362.044,5.150315310214081,85.43187472000129,53.797295080398385,85.79744913955689,53.57688461579838,85.8048780674537,54.014412760133155,85.06242738466364,54.01652441134283,85.06272380021339,53.57896258994432
skycell.2362.045,5.097169436228098,84.7495962986131,53.79729407948385,85.11874904153474,53.57896267190377,85.11904176726613,54.01652449463065,84.3765911394723,54.01441065908656,84.3840237554885,53.57688254825804
skycell.2362.046,5.075476991611603,84.06741465755576,53.793421340302274,84.44004113172447,53.5771996660919,84.43319740627601,54.014732916127905,83.69095953450818,54.00839512947602,83.7055220305155,53.570962937276526
skycell.2362.047,5.085633174984359,83.38552309291597,53.7856796584282,83.76151583285929,53.571596863458616,83.74754147624922,54.00903932618707,83.00572869605845,53.99848219030976,83.02740870116287,53.561208002480555
skycell.2362.048,5.127429001642236,82.7041144079242,53.774074618027015,83.08336326045001,53.562158282522866,83.06227014524202,53.99944785911211,82.3210940628847,53.9846790317416,82.34987319075944,53.54762473284346
skycell.2362.049,5.200069864827349,82.02338058676474,53.75861457936436,82.40577290370655,53.5488906863045,82.3775789214272,53.98596547261687,81.63725005317215,53.966995650082154,81.67310395391874,53.53022284534235
skycell.2362.050,5.291611494144492,88.18796839401752,54.162342645097695,88.541468697546,53.93380225561988,88.57801958769029,54.37056517867312,87.83046927593878,54.38981551973805,87.80172724698889,53.95274681085014
skycell.2362.051,5.114898016383522,87.50062103853281,54.178031436870086,87.8581672273672,53.95146210267297,87.88750580118692,54.38851006597988,87.13908328536732,54.40349696360584,87.11758069308993,53.96621075896813
skycell.2362.052,4.964503924606433,86.81257901726954,54.18980779563878,87.17407712065359,53.96524643325324,87.19617807072967,54.40251705545478,86.4471000792408,54.413229529633846,86.43285551913989,53.97578851892303
skycell.2362.053,4.842927067148984,86.1240399606121,54.19766314006898,86.48939233410474,53.97514527405788,86.50423655066042,54.41257588567071,85.75472095606399,54.41900607576928,85.74774676730725,53.98147314948555
skycell.2362.054,4.752412224704393,85.43520235848472,54.20159173866473,85.80430784076826,53.981151451917626,85.81188246662224,54.41867917594384,85.06214790701017,54.42082235868879,85.06245013684396,53.98326052675066
skycell.2362.055,4.694775762098305,84.74626521799163,54.201590722786946,85.11901929830782,53.98326060993687,85.11931776594636,54.42082244322033,84.36958326296507,54.41867704352569,84.37716164924807,53.981149353434326
skycell.2362.056,4.671240625037381,84.05742771882005,54.19766009317758,84.43372271434342,53.98147121731426,84.42674476488831,54.419004112352106,83.67722934008498,54.41257170693289,83.69207731204541,53.97514116180032
skycell.2362.057,4.682313119942461,83.36888886789585,54.189802719958024,83.7486141102932,53.97578457279647,83.73436579424978,54.413225519710736,82.98528808541903,54.40251083346547,83.00739278263197,53.965240310203306
skycell.2362.058,4.727728681279678,82.68084715478695,54.17802433610143,83.06388918515584,53.96620480174792,83.04238284493681,54.40349091012128,82.2939607241463,54.38850180530148,82.32330303361532,53.9514539732648
skycell.2362.059,4.806479542055915,81.9935002093455,54.16233352441144,82.379742980674,53.95273884685094,82.35099721500539,54.389807427131466,81.60344740996531,54.37055488535177,81.64000202108456,53.93379212573001
skycell.2362.060,4.938446457726434,88.21843255495399,54.566034110185896,88.57521386072396,54.33736406973418,88.61248610641455,54.77407316449564,87.85757302881146,54.793609818302194,87.82826294421153,54.35659101714781
skycell.2362.061,4.748585269134516,87.52434262324165,54.5819565950861,87.8852536788234,54.35528715051139,87.9151720420435,54.79228493970866,87.15936066137957,54.80749491458765,87.13743266030482,54.37025582157396
skycell.2362.062,4.586179853516911,86.82953733498157,54.593908488088495,87.19448151451057,54.369277105559895,87.21701967944936,54.80650041560215,86.46053318190576,54.81737243715549,86.44600660220483,54.3799765440715
skycell.2362.063,4.454283566077586,86.13422018948631,54.60188097826649,86.50309704180603,54.379323695701224,86.5182351359057,54.81670905564086,85.7612979094721,54.8232350521859,85.7541855835016,54.385746058095506
skycell.2362.064,4.355704482125417,85.43859558871583,54.60586818060364,85.81130100173087,54.38541955627613,85.8190256539585,54.822903280985614,85.06186289078242,54.82507840231667,85.06217110766845,54.38756012954453
skycell.2362.065,4.292759729729361,84.74286847777874,54.60586714957031,85.11929485409283,54.38756021397314,85.11959923425604,54.82507848810802,84.36243652941072,54.82290111679098,84.37016501652427,54.38541742645421
skycell.2362.066,4.267032884403072,84.04724398303763,54.601877885928374,84.42728042613943,54.385744097068816,84.42016426500294,54.82323305951012,83.66322721345735,54.81670481465201,83.67836913721773,54.37931952204954
skycell.2362.067,4.279186575601079,83.35192704941367,54.59390333672944,83.73545955960579,54.37997253902919,83.72092914968485,54.817368367494254,82.96444294327422,54.806494100969665,82.9869849292756,54.36927089113998
skycell.2362.068,4.328878362003685,82.65712207849275,54.58194938850669,83.04403375769917,54.37024977545416,83.02210193472496,54.807488770964525,82.26629096092002,54.792276556117365,82.29621313325691,54.35527889987567
skycell.2362.069,4.414803455650058,81.96303256902844,54.56602485369464,82.35320383356263,54.356582934380214,82.32388993873386,54.7936016052757,81.5689773829924,54.77406271815366,81.60625342254136,54.33735378891577
skycell.2362.070,4.593710878271655,88.24950137713617,54.96965754905447,88.60962473464112,54.74087781165295,88.647639875614,55.17748930699004,87.88521801188034,55.19731597926528,87.85532287649798,54.76039077054473
skycell.2362.071,4.388958588058497,87.54853560054366,54.985816740944486,87.9128751940204,54.75906749954238,87.94339069054246,55.19597142404149,87.1800433739014,55.21140737115438,87.1576772190562,54.77425901251871
skycell.2362.072,4.212713418093491,86.84683294724424,54.99794643719842,87.21528939526311,54.77326572108084,87.23827787244652,55.21039809175869,86.47423500547556,55.22143173535252,86.45941794875944,54.784124538319624
skycell.2362.073,4.068735433668457,86.14460301984104,55.00603758988082,86.5170729561935,54.7834619626993,86.5325137402769,55.22075848955742,85.76800648852665,55.22738154002439,85.76075188036833,54.78998003013707
skycell.2362.074,3.96058438262649,85.44205636931177,55.010084155485345,85.81843261534662,54.789648662101406,85.82631179552239,55.227044833987584,85.06157216969085,55.229252310047535,85.0618865533107,54.79182114012962
skycell.2362.075,3.8912720630989837,84.73940411733165,55.01008310909998,85.1195758662819,54.791821225816705,85.11988633641471,55.22925239711508,84.35514677068264,55.22704263760252,84.36302986243432,54.78964650053666
skycell.2362.076,3.862896673893274,84.03685757602881,55.0060344515072,84.42071058854016,54.78997803988282,84.41345206851453,55.22737951770889,83.64894499695309,55.220754185507424,83.66438968717618,54.78345772686244
skycell.2362.077,3.8763477087958473,83.33462786688158,54.99794120918188,83.72204467688117,54.784120473602385,83.70722371344344,55.22142760517566,82.9431811464224,55.210391683279475,82.9661735208005,54.773259414115586
skycell.2362.078,3.9311700853297,82.6329255404746,54.985809427187895,83.02378567045326,54.774252876355526,83.00141561754276,55.21140113622142,82.23806872006733,55.19596291594425,82.26858810135705,54.75905912612332
skycell.2362.079,4.025632906999679,81.93196019882376,54.96964815500905,82.32614038354745,54.76038256748414,82.29624136224069,55.19730764425777,81.53382003612835,55.1774787056501,81.57183904599695,54.74086737797467
skycell.2362.080,4.259467436879467,88.28119302441388,55.37317257653379,88.64472118926997,55.144303036546745,88.68350163031366,55.58077320072605,87.91342058697445,55.60089368166527,87.88292272145388,55.16410570589478
skycell.2362.081,4.037821183852002,87.57321415375046,55.389571556968285,87.94104777229936,55.16276277919141,87.97217844417307,55.59952919226168,87.20114369384618,55.61519407288603,87.17832612624578,55.1781800237654
skycell.2362.082,3.845537301376114,86.86447601488135,55.40188137666401,87.23651284490322,55.177171967675534,87.25996525987131,55.61416981915407,86.48821369319445,55.625367207131575,86.47309736053072,55.18819223449854
skycell.2362.083,3.6872716448486864,86.15519455986127,55.41009274291428,86.5313282064954,55.18751980513225,86.5470808488258,55.62468396741043,85.77485068434585,55.63140534800908,85.76744948152461,55.19413482279334
skycell.2362.084,3.567597936439238,85.44558673765367,55.41419944852154,85.82570683418645,55.193798525196584,85.83374522578859,55.63106364221094,85.06127557072175,55.633303898738966,85.0615963080198,55.19600332336061
skycell.2362.085,3.4905139554596776,84.7358700971621,55.414198386583216,85.11986249856272,55.19600341032256,85.12017924328238,55.63330398709952,84.34770965015593,55.63106141321195,84.35575203234737,55.193796331475795
skycell.2362.086,3.4588761018994587,84.02626238750787,55.41008955790297,84.41400937586793,55.19413280293101,84.40660418215417,55.63140329566389,83.63437420338022,55.62467959947051,83.6501308306418,55.18751550630159
skycell.2362.087,3.4739155515898124,83.31698115738746,55.401876070988656,83.70836165834064,55.18818810933033,83.69324134014006,55.62536301564369,82.92149008258966,55.61416331559688,82.94494647317933,55.17716556696359
skycell.2362.088,3.535007958107594,82.60824335535122,55.38956413463739,83.00313316447951,55.17817379638973,82.9803116203514,55.615187745445105,82.2092773019979,55.599520558028985,82.24041193656048,55.1627542813988
skycell.2362.089,3.639789765307275,81.9002649328365,55.37316304314595,82.29853695100687,55.164097380982945,82.26803512159363,55.60088522307992,81.49795463227566,55.58076244236591,81.53673901949176,55.144292448034854
skycell.2362.090,3.938388636262286,88.3135263947325,55.77653885791867,88.68052389224368,55.54759933503071,88.72009294700693,55.983884500914165,87.94219778159268,56.00430266986149,87.91107878759995,55.567695497907515
skycell.2362.091,3.697592611811961,87.5983930405689,55.79318077989646,87.96978805675667,55.56633265843886,88.0015526796346,56.00291798265487,87.2226743922548,56.018814828042736,87.19939161273803,55.58197859029745
skycell.2362.092,3.4866395932271645,86.88247711084125,55.805673097235136,87.25816443243004,55.58095557599641,87.28209496576187,56.01777540145663,86.50247772062428,56.029138706485014,86.48705295415284,55.59213941072628
skycell.2362.093,3.311304282220088,86.16600116573437,55.81400626432779,86.54587125003881,55.59145699821437,86.56194529284114,56.02844534011366,85.78183465104436,56.035266357384145,85.77428236503715,55.59817023988534
skycell.2362.094,3.177537113618949,85.44918881388602,55.8181739048382,85.83312797855125,55.59782894792606,85.84133045624337,56.03491958535555,85.0609729137939,56.03719305822059,85.06130019934793,55.6000664911559
skycell.2362.095,3.090769433533834,84.73226429493292,55.81817282714129,85.12015492123645,55.60006657940943,85.1204781326986,56.037193147891315,84.34012065410643,56.03491732330908,84.34832720381927,55.59782672162657
skycell.2362.096,3.055017274385737,84.01545205910135,55.81400303206258,84.40717280791235,55.59816819002576,84.39961644956867,56.03526427461001,83.61950599922255,56.02844090743543,83.63558410815432,55.591452635562725
skycell.2362.097,3.072050175294952,83.29897634581023,55.80566771287627,83.6944023852158,55.59213522431317,83.67897355198437,56.02913445287183,82.89935662552773,56.017768801561125,82.92329121529602,55.580949080308855
skycell.2362.098,3.1409773102356806,82.58306076326282,55.79317324756162,82.98206400679496,55.581972270513454,82.95877716989831,56.01880840686735,82.17989932782648,56.0029092206188,82.21166799367643,55.566324034646286
skycell.2362.099,3.258456521250697,81.86792787099472,55.77652918335868,82.27037722532361,55.567687049550614,82.23925418710559,56.00429408606385,81.46135959278567,55.98387358346412,81.50093267332691,55.54758858966674
skycell.2363.000,9.068393982499682,94.58957718370247,52.1442789777195,94.92753261276336,51.91668720108765,94.96077230854712,52.3530630942192,94.2479872955951,52.37093479830683,94.22185237353236,51.93427157587293
skycell.2363.001,8.81350502882051,93.9340727428974,52.1588423806664,94.27569057706503,51.93307914230748,94.30236816362812,52.36972287295573,93.58882734350372,52.38363572211883,93.56927696105336,51.94676816304236
skycell.2363.002,8.569769006185565,93.2779659581674,52.16977349264488,93.62316414523168,51.9458731411448,93.64325869133496,52.38272606143935,92.92914997542049,52.392670418059005,92.91619950744916,51.95565743510485
skycell.2363.003,8.338206318056717,92.62142826235208,52.1770647797816,92.97012173136744,51.95506043819655,92.98361743659868,52.39206365271846,92.26912963739323,52.39803261832445,92.26278928380064,51.9609332967375
skycell.2363.004,8.1198941422509,91.9646317659506,52.18071121086553,92.316732551993,51.96063473439638,92.32361878809442,52.397729169495875,91.60894132081076,52.39971859941462,91.6092160797811,51.96259212698166
skycell.2363.005,7.915957367936648,91.30774898709888,52.18071026795833,91.66316636396256,51.96259220418492,91.66343770269827,52.399718677881545,90.948760284467,52.39772719005108,90.9556499393433,51.96063278682669
skycell.2363.006,7.727555171282985,90.65095257994336,52.17706195171131,91.00959320027869,51.96093150352135,91.00324942768869,52.39803079575904,90.28876177556238,52.39205977367077,90.30226089541556,51.95505662159755
skycell.2363.007,7.555862660521278,89.99441506247935,52.169768781363814,90.35618310483122,51.95565377270043,90.3432292217934,52.39266669572724,89.62912075075076,52.3827202854812,89.64921870464083,51.94586745813479
skycell.2363.008,7.402047293131958,89.33830854492518,52.15883578942399,89.70310586709348,51.946762633962386,89.68355207619095,52.38363010260459,88.97001159834205,52.36971520409138,88.99669258319248,51.93307159678058
skycell.2363.009,7.267240203759487,88.68280445970076,52.14427051105529,89.05053075781025,51.93426418390652,89.02439243657572,52.37092728550637,88.31160786276041,52.35305353775616,88.34485094469251,51.916677798205576
skycell.2363.010,8.764473173536496,94.61726716255704,52.54770467615468,94.9582219015708,52.31988310303019,94.9920868632728,52.75642372700936,94.27260917963208,52.77456433520079,94.24598199811696,52.33773283028838
skycell.2363.011,8.500418502072607,93.95563186095532,52.562487600516704,94.300321229879,52.336522395808416,94.32750125280842,52.773334167690685,93.60724621703204,52.78745649815995,93.58732725624914,52.35041812487184
skycell.2363.012,8.247394380314406,93.29337712102532,52.57358358011647,93.64171685171397,52.349509583884455,93.66219021003069,52.7865331368511,92.94135106956492,52.79662729955879,92.92815628904523,52.35944169756965
skycell.2363.013,8.006490741936855,92.6306792276831,52.58098488404954,92.98258191471416,52.358835679403946,92.99633220722632,52.79601139164832,92.27510315386326,52.802070307225506,92.2686431418107,52.36479729388538
skycell.2363.014,7.778870966990775,91.96771517587038,52.584686349393664,92.32309040703208,52.364494218819885,92.33010660090044,52.801762284936544,91.60868245809932,52.80378169993567,91.6089624031011,52.36648119822953
skycell.2363.015,7.565763954714063,91.3046623876564,52.58468539225433,91.66341688284297,52.366481276599814,91.66369334305377,52.80378177958535,90.9422692507074,52.80176027565856,90.94928892785136,52.36449224181317
skycell.2363.016,7.368450986422521,90.64169842762766,52.58098201329982,91.00373618561042,52.36479547356485,90.99727269005125,52.80206845719091,90.27604378797058,52.79600745415306,90.28979755944724,52.358831805132894
skycell.2363.017,7.188246419788001,89.97900071770601,52.57357879775986,90.3442231702034,52.359437979821664,90.33102491025774,52.7966235211392,89.61018602165674,52.786527273901655,89.63066285184279,52.34950381503574
skycell.2363.018,7.026471525446464,89.31674625253906,52.562480909887654,89.68505242496812,52.350412512274765,89.66512999162522,52.787450794007,88.94487530788831,52.77332638339623,88.9720587928266,52.33651473637778
skycell.2363.019,6.884421289711848,88.65511131660296,52.54769608191137,89.02639799485775,52.33772532673019,88.99976735041572,52.77455670931288,88.28029011842068,52.75641402681634,88.31415852953212,52.3198735583139
skycell.2363.020,8.468732420122592,94.64548082815566,52.95126420786592,94.98948825637676,52.72323286847296,95.02399627339456,53.15989463565071,94.29769940530028,53.17830749322522,94.27056593440216,52.741351227374814
skycell.2363.021,8.195111676285922,93.97759915610702,52.96626937862551,94.32541558684323,52.74012256924316,94.35311236441258,53.177058856315774,93.6260157731396,53.191393280205865,93.60571771598468,52.75422756687666
skycell.2363.022,7.932327555436788,93.30908029869758,52.97753227651092,93.66061916772033,52.75330533918748,93.6814821473632,53.19045604725222,92.9537846200178,53.200701887313706,92.94033854884714,52.76338710656662
skycell.2363.023,7.681538277850146,92.64010557752404,52.985044967621434,92.99527705892405,52.76277195513825,93.00928920985405,53.20007672254658,92.28119052362896,53.20622671299273,92.27460743360224,52.768823427982575
skycell.2363.024,7.443995181141314,91.97085705844744,52.988802153328805,92.32956820117224,52.76851578411647,92.336718066537,53.20591406002283,91.6084186609302,53.20796383530876,91.60870394019074,52.77053271805125
skycell.2363.025,7.221036906025402,91.30151725507582,52.98880118177981,91.66367212837416,52.77053279760304,91.6639538564422,53.20796391615596,90.93565450274647,53.205912020538406,90.94280791773002,52.76851377730697
skycell.2363.026,7.014077514440406,90.63226883041835,52.98504205366037,90.99776867762456,52.768821580220845,90.99118203773912,53.206224835145264,90.26308350716138,53.20007272587316,90.27709920323336,52.762768022479115
skycell.2363.027,6.824587032469399,89.96329429792857,52.97752742219396,90.33203769797178,52.76338333278788,90.31858808117993,53.20069805210511,89.59089081296104,53.19045009622573,89.61175733037805,52.753299483435875
skycell.2363.028,6.654063119478075,89.29477572315918,52.96626258737467,89.66665875913702,52.754221869726926,89.64635716349073,53.19138749035767,88.91926093439582,53.17705095515346,88.94696123950067,52.740114794499526
skycell.2363.029,6.503993119867208,88.62689442724589,52.951255484461655,89.00181086136392,52.74134361084389,88.97467386197707,53.17829975284101,88.24837745851654,53.159884789942176,88.28288898998807,52.72322318017215
skycell.2363.030,8.18210751443235,94.67423316458438,53.35491728838557,95.02134808879022,53.12669622694455,95.05651763100369,53.56343546220689,94.3232714537449,53.582123979014995,94.29561712565656,53.14508655760875
skycell.2363.031,7.898537271977344,93.99998632446795,53.3701474822803,94.35098685723936,53.14383944893661,94.37921525656996,53.580856641067335,93.64514611906678,53.59540582116164,93.62445804362086,53.15815632320548
skycell.2363.032,7.6255267677172345,93.3250838679032,53.381579388232616,93.6798810651414,53.15722023806472,93.70114489023211,53.59445454222328,92.9664573326324,53.604853967336155,92.9527527244549,53.167453527491986
skycell.2363.033,7.364298495391486,92.64971234662362,53.38920486312269,93.00821387193466,53.16682912869233,93.02249543191624,53.60421942919715,92.28739503287768,53.6104616413645,92.28068531382108,53.172971583042774
skycell.2363.034,7.1161908354303005,91.97405909286528,53.393018468448645,92.33616936048548,53.17265931324493,92.34345675393,53.6101442993753,91.60814978685433,53.61222481748622,91.60844055430414,53.174706576325235
skycell.2363.035,6.882655686705643,91.29831190843689,53.39301748230912,91.66393223559976,53.174706657073344,91.66421938353947,53.61222489954602,90.92891246988776,53.61014222930388,90.93620348120758,53.17265727625996
skycell.2363.036,6.6652492835245525,90.62265875183468,53.38920190540814,90.99168751997516,53.17296970749673,90.98497418279403,53.61045973535376,90.24987394393727,53.60421537260075,90.26415911714354,53.16682513691568
skycell.2363.037,6.465613949938651,89.94728742470534,53.38157446105356,90.31962024884274,53.16744969698246,90.30591202694272,53.60485007462371,89.57122473601288,53.5944485020128,89.59249216667475,53.15721429432615
skycell.2363.038,6.285448583980446,89.27238525896153,53.37014058914903,89.64791516455699,53.15815054044817,89.62722348279495,53.59539994454106,88.89315471800131,53.5808486215716,88.92138671226786,53.143831557444464
skycell.2363.039,6.126466169419362,88.59813880585337,53.35490843420853,88.97675641239347,53.14507882669846,88.94909848837908,53.58211612269832,88.2158527892445,53.56342546916296,88.25102591280636,53.12668639327641
skycell.2363.040,7.90563234939044,94.70353973252668,53.75862356595761,95.05381843794962,53.53023282619483,95.08966868853204,53.967005792317615,94.34933932813556,53.985973446330846,94.32114901116708,53.54889853302802
skycell.2363.041,7.611760056469277,94.02280551306322,53.77408161432215,94.37704875648473,53.54763274254739,94.40582422007746,53.98468717106572,93.66464775406698,53.99945382360386,93.64355831496631,53.562164151963145
skycell.2363.042,7.328076006319935,93.34139652875092,53.78568465938892,93.69951289857909,53.56121403531117,93.72118922835028,53.99848832083333,92.97937617365062,54.009043277132605,92.96540550084435,53.57160075141263
skycell.2363.043,7.055859266682595,92.65950476428122,53.79342434232313,93.02139931942796,53.57096698891434,93.03595813214883,54.008399246755275,92.29372009548686,54.01473485065938,92.28688005841684,53.57720156977212
skycell.2363.044,6.796530495564786,91.97732302322396,53.797295080398385,92.34289744277956,53.57688461579838,92.35032637067636,54.014412760133155,91.60787568788628,54.01652441134283,91.60817210343605,53.57896258994432
skycell.2363.045,6.5516547598309485,91.29504460183576,53.79729407948385,91.6641973447574,53.57896267190377,91.66449007048878,54.01652449463065,90.92203944269497,54.01441065908656,90.92947205871116,53.57688254825804
skycell.2363.046,6.322937106154219,90.6128629607784,53.793421340302274,90.98548943494713,53.5771996660919,90.97864570949866,54.014732916127905,90.23640783773084,54.00839512947602,90.25097033373817,53.570962937276526
skycell.2363.047,6.112207694380071,89.93097139613863,53.7856796584282,90.30696413608194,53.571596863458616,90.29298977947188,54.00903932618707,89.55117699928111,53.99848219030976,89.57285700438553,53.561208002480555
skycell.2363.048,5.921392994200423,89.24956271114685,53.774074618027015,89.62881156367267,53.562158282522866,89.60771844846468,53.99944785911211,88.86654236610735,53.9846790317416,88.8953214939821,53.54762473284346
skycell.2363.049,5.752469805823549,88.5688288899874,53.75861457936436,88.9512212069292,53.5488906863045,88.92302722464986,53.98596547261687,88.18269835639481,53.966995650082154,88.2185522571414,53.53022284534235
skycell.2363.050,7.640444182824311,94.73341669724016,54.162342645097695,95.08691700076864,53.93380225561988,95.12346789091296,54.37056517867312,94.37591757916144,54.38981551973805,94.34717555021156,53.95274681085014
skycell.2363.051,7.335965927280997,94.04606934175548,54.178031436870086,94.40361553058986,53.95146210267297,94.43295410440956,54.38851006597988,93.68453158858998,54.40349696360584,93.6630289963126,53.96621075896813
skycell.2363.052,7.041198714948024,93.3580273204922,54.18980779563878,93.71952542387623,53.96524643325324,93.74162637395231,54.40251705545478,92.99254838246344,54.413229529633846,92.97830382236256,53.97578851892303
skycell.2363.053,6.757465786946017,92.66948826383477,54.19766314006898,93.0348406373274,53.97514527405788,93.04968485388308,54.41257588567071,92.30016925928663,54.41900607576928,92.2931950705299,53.98147314948555
skycell.2363.054,6.486260026055302,91.98065066170736,54.20159173866473,92.34975614399092,53.981151451917626,92.35733076984488,54.41867917594384,91.60759621023284,54.42082235868879,91.60789844006662,53.98326052675066
skycell.2363.055,6.229254115966392,91.29171352121428,54.201590722786946,91.66446760153048,53.98326060993687,91.66476606916902,54.42082244322033,90.91503156618772,54.41867704352569,90.92260995247072,53.981149353434326
skycell.2363.056,5.988303649560994,90.60287602204272,54.19766009317758,90.97917101756607,53.98147121731426,90.97219306811095,54.419004112352106,90.22267764330763,54.41257170693289,90.23752561526808,53.97514116180032
skycell.2363.057,5.76543889764562,89.9143371711185,54.189802719958024,90.29406241351586,53.97578457279647,90.27981409747244,54.413225519710736,89.53073638864169,54.40251083346547,89.55284108585462,53.965240310203306
skycell.2363.058,5.562840013821951,89.2262954580096,54.17802433610143,89.6093374883785,53.96620480174792,89.58783114815947,54.40349091012128,88.83940902736896,54.38850180530148,88.86875133683797,53.9514539732648
skycell.2363.059,5.382790102211999,88.53894851256815,54.16233352441144,88.92519128389665,53.95273884685094,88.89644551822805,54.389807427131466,88.14889571318797,54.37055488535177,88.18545032430721,53.93379212573001
skycell.2363.060,7.387786372962257,94.76388085817663,54.566034110185896,95.12066216394662,54.33736406973418,95.1579344096372,54.77407316449564,94.40302133203411,54.793609818302194,94.3737112474342,54.35659101714781
skycell.2363.061,7.072468918948326,94.06979092646432,54.5819565950861,94.43070198204606,54.35528715051139,94.46062034526616,54.79228493970866,93.70480896460222,54.80749491458765,93.68288096352748,54.37025582157396
skycell.2363.062,6.76627027700839,93.37498563820422,54.593908488088495,93.73992981773324,54.369277105559895,93.76246798267202,54.80650041560215,93.00598148512842,54.81737243715549,92.99145490542747,54.3799765440715
skycell.2363.063,6.470539755309317,92.67966849270896,54.60188097826649,93.04854534502869,54.379323695701224,93.06368343912835,54.81670905564086,92.30674621269476,54.8232350521859,92.29963388672424,54.385746058095506
skycell.2363.064,6.186825499559403,91.98404389193848,54.60586818060364,92.35674930495352,54.38541955627613,92.36447395718116,54.822903280985614,91.60731119400508,54.82507840231667,91.6076194108911,54.38756012954453
skycell.2363.065,5.916894467305303,91.2883167810014,54.60586714957031,91.66474315731548,54.38756021397314,91.6650475374787,54.82507848810802,90.90788483263336,54.82290111679098,90.91561331974692,54.38541742645421
skycell.2363.066,5.662746619859254,90.59269228626027,54.601877885928374,90.97272872936207,54.385744097068816,90.9656125682256,54.82323305951012,90.20867551668,54.81670481465201,90.22381744044038,54.37931952204954
skycell.2363.067,5.426617942668782,89.89737535263633,54.59390333672944,90.28090786282844,54.37997253902919,90.2663774529075,54.817368367494254,89.50989124649688,54.806494100969665,89.53243323249825,54.36927089113998
skycell.2363.068,5.210964969419387,89.2025703817154,54.58194938850669,89.58948206092182,54.37024977545416,89.56755023794761,54.807488770964525,88.81173926414267,54.792276556117365,88.84166143647957,54.35527889987567
skycell.2363.069,5.018421922145582,88.5084808722511,54.56602485369464,88.89865213678529,54.356582934380214,88.86933824195651,54.7936016052757,88.11442568621506,54.77406271815366,88.15170172576401,54.33735378891577
skycell.2363.070,7.149007236050501,94.79494968035884,54.96965754905447,95.15507303786376,54.74087781165295,95.19308817883666,55.17748930699004,94.430666315103,55.19731597926528,94.40077117972064,54.76039077054473
skycell.2363.071,6.822714541523877,94.09398390376631,54.985816740944486,94.45832349724306,54.75906749954238,94.48883899376511,55.19597142404149,93.72549167712404,55.21140737115438,93.70312552227884,54.77425901251871
skycell.2363.072,6.504827529860181,93.3922812504669,54.99794643719842,93.76073769848576,54.77326572108084,93.78372617566916,55.21039809175869,93.01968330869822,55.22143173535252,93.0048662519821,54.784124538319624
skycell.2363.073,6.196696970363568,92.6900513230637,55.00603758988082,93.06252125941616,54.7834619626993,93.07796204349955,55.22075848955742,92.31345479174932,55.22738154002439,92.306200183591,54.78998003013707
skycell.2363.074,5.899900787766254,91.98750467253444,55.010084155485345,92.36388091856928,54.789648662101406,92.37176009874504,55.227044833987584,91.6070204729135,55.229252310047535,91.60733485653336,54.79182114012962
skycell.2363.075,5.616276385434047,91.2848524205543,55.01008310909998,91.66502416950456,54.791821225816705,91.66533463963736,55.22925239711508,90.9005950739053,55.22704263760252,90.90847816565696,54.78964650053666
skycell.2363.076,5.34795007173185,90.58230587925146,55.0060344515072,90.96615889176282,54.78997803988282,90.9589003717372,55.22737951770889,90.19439330017576,55.220754185507424,90.20983799039884,54.78345772686244
skycell.2363.077,5.097357434645499,89.88007617010423,54.99794120918188,90.26749298010382,54.784120473602385,90.2526720166661,55.22142760517566,89.48862944964506,55.210391683279475,89.51162182402315,54.773259414115586
skycell.2363.078,4.867245168507403,89.17837384369726,54.985809427187895,89.56923397367592,54.774252876355526,89.54686392076542,55.21140113622142,88.78351702328999,55.19596291594425,88.81403640457971,54.75905912612332
skycell.2363.079,4.66064120066687,88.47740850204642,54.96964815500905,88.87158868677011,54.76038256748414,88.84168966546335,55.19730764425777,88.079268339351,55.1774787056501,88.11728734921961,54.74086737797467
skycell.2363.080,6.92555337506804,94.82664132763654,55.37317257653379,95.19016949249264,55.144303036546745,95.22894993353631,55.58077320072605,94.45886889019712,55.60089368166527,94.42837102467654,55.16410570589478
skycell.2363.081,6.5882773542602155,94.11866245697313,55.389571556968285,94.486496075522,55.16276277919141,94.51762674739572,55.59952919226168,93.74659199706883,55.61519407288603,93.72377442946843,55.1781800237654
skycell.2363.082,6.258572792671257,93.409924318104,55.40188137666401,93.78196114812587,55.177171967675534,93.80541356309396,55.61416981915407,93.03366199641712,55.625367207131575,93.01854566375336,55.18819223449854
skycell.2363.083,5.937760550587864,92.70064286308391,55.41009274291428,93.07677650971806,55.18751980513225,93.09252915204846,55.62468396741043,92.3202989875685,55.63140534800908,92.31289778474726,55.19413482279334
skycell.2363.084,5.627413099067309,91.99103504087633,55.41419944852154,92.3711551374091,55.193798525196584,92.37919352901125,55.63106364221094,91.6067238739444,55.633303898738966,91.60704461124246,55.19600332336061
skycell.2363.085,5.329401277235158,91.28131840038476,55.414198386583216,91.66531080178538,55.19600341032256,91.66562754650504,55.63330398709952,90.8931579533786,55.63106141321195,90.90120033557002,55.193796331475795
skycell.2363.086,5.045943193128185,90.57171069073053,55.41008955790297,90.9594576790906,55.19413280293101,90.95205248537684,55.63140329566389,90.17982250660287,55.62467959947051,90.19557913386446,55.18751550630159
skycell.2363.087,4.779649266206913,89.86242946061012,55.401876070988656,90.25380996156328,55.18818810933033,90.23868964336272,55.62536301564369,89.46693838581231,55.61416331559688,89.49039477640198,55.17716556696359
skycell.2363.088,4.533552422496767,89.15369165857388,55.38956413463739,89.54858146770216,55.17817379638973,89.52575992357406,55.615187745445105,88.75472560522056,55.599520558028985,88.78586023978313,55.1627542813988
skycell.2363.089,4.311105688736851,88.44571323605916,55.37316304314595,88.84398525422952,55.164097380982945,88.81348342481628,55.60088522307992,88.04340293549832,55.58076244236591,88.08218732271442,55.144292448034854
skycell.2363.090,6.71895560408737,94.85897469795516,55.77653885791867,95.22597219546634,55.54759933503071,95.2655412502296,55.983884500914165,94.48764608481534,56.00430266986149,94.4565270908226,55.567695497907515
skycell.2363.091,6.37085019482087,94.14384134379156,55.79318077989646,94.51523635997933,55.56633265843886,94.54700098285726,56.00291798265487,93.76812269547746,56.018814828042736,93.74483991596068,55.58197859029745
skycell.2363.092,6.0293690365037484,93.4279254140639,55.805673097235136,93.80361273565268,55.58095557599641,93.82754326898451,56.01777540145663,93.04792602384694,56.029138706485014,93.0325012573755,55.59213941072628
skycell.2363.093,5.695765650081415,92.71144946895704,55.81400626432779,93.09131955326148,55.59145699821437,93.1073935960638,56.02844534011366,92.32728295426702,56.035266357384145,92.3197306682598,55.59817023988534
skycell.2363.094,5.371561849644806,91.99463711710868,55.8181739048382,92.3785762817739,55.59782894792606,92.38677875946604,56.03491958535555,91.60642121701656,56.03719305822059,91.60674850257058,55.6000664911559
skycell.2363.095,5.058609769858744,91.27771259815556,55.81817282714129,91.6656032244591,55.60006657940943,91.66592643592124,56.037193147891315,90.88556895732908,56.03491732330908,90.89377550704192,55.59782672162657
skycell.2363.096,4.759163514291428,90.560900362324,55.81400303206258,90.952621111135,55.59816819002576,90.94506475279132,56.03526427461001,90.1649543024452,56.02844090743543,90.18103241137698,55.591452635562725
skycell.2363.097,4.4759563079938465,89.84442464903289,55.80566771287627,90.23985068843844,55.59213522431317,90.22442185520704,56.02913445287183,89.44480492875039,56.017768801561125,89.46873951851867,55.580949080308855
skycell.2363.098,4.212272736540664,89.12850906648548,55.79317324756162,89.52751231001761,55.581972270513454,89.50422547312097,56.01880840686735,88.72534763104913,56.0029092206188,88.75711629689908,55.566324034646286
skycell.2363.099,3.9719951747141806,88.41337617421738,55.77652918335868,88.81582552854627,55.567687049550614,88.78470249032824,56.00429408606385,88.00680789600833,55.98387358346412,88.04638097654957,55.54758858966674
skycell.2364.019,8.993707086343196,95.20056724922014,52.54769608191137,95.57185392747492,52.33772532673019,95.54522328303293,52.77455670931288,94.82574605103788,52.75641402681634,94.85961446214932,52.3198735583139
skycell.2364.028,8.945969918476164,95.84023165577636,52.96626258737467,96.2121146917542,52.754221869726926,96.19181309610792,53.19138749035767,95.464716867013,53.17705095515346,95.49241717211784,52.740114794499526
skycell.2364.029,8.681100697819176,95.17235035986307,52.951255484461655,95.54726679398112,52.74134361084389,95.52012979459424,53.17829975284101,94.79383339113372,53.159884789942176,94.82834492260524,52.72322318017215
skycell.2364.037,8.934141895302771,96.49274335732252,53.38157446105356,96.86507618145993,53.16744969698246,96.85136795955992,53.60485007462371,96.11668066863008,53.5944485020128,96.13794809929192,53.15721429432615
skycell.2364.038,8.65027200065897,95.81784119157872,53.37014058914903,96.19337109717418,53.15815054044817,96.17267941541212,53.59539994454106,95.4386106506185,53.5808486215716,95.46684264488503,53.143831557444464
skycell.2364.039,8.376172402148963,95.14359473847055,53.35490843420853,95.52221234501066,53.14507882669846,95.49455442099628,53.58211612269832,94.76130872186168,53.56342546916296,94.79648184542354,53.12668639327641
skycell.2364.046,8.958421167807485,97.1583188933956,53.793421340302274,97.53094536756431,53.5771996660919,97.52410164211584,54.014732916127905,96.78186377034802,54.00839512947602,96.79642626635534,53.570962937276526
skycell.2364.047,8.656711583886306,96.47642732875582,53.7856796584282,96.85242006869912,53.571596863458616,96.83844571208908,54.00903932618707,96.0966329318983,53.99848219030976,96.11831293700271,53.561208002480555
skycell.2364.048,8.363535822448116,95.79501864376404,53.774074618027015,96.17426749628986,53.562158282522866,96.15317438108188,53.99944785911211,95.41199829872454,53.9846790317416,95.44077742659928,53.54762473284346
skycell.2364.049,8.079835597453956,95.1142848226046,53.75861457936436,95.4966771395464,53.5488906863045,95.46848315726704,53.98596547261687,94.728154289012,53.966995650082154,94.76400818975858,53.53022284534235
skycell.2364.055,9.01854328400298,97.83716945383148,54.201590722786946,98.20992353414766,53.98326060993687,98.2102220017862,54.42082244322033,97.46048749880492,54.41867704352569,97.46806588508792,53.981149353434326
skycell.2364.056,8.700379553382579,97.1483319546599,54.19766009317758,97.52462695018326,53.98147121731426,97.51764900072816,54.419004112352106,96.76813357592482,54.41257170693289,96.78298154788526,53.97514116180032
skycell.2364.057,8.389495314554724,96.45979310373568,54.189802719958024,96.83951834613303,53.97578457279647,96.82527003008964,54.413225519710736,96.07619232125889,54.40251083346547,96.0982970184718,53.965240310203306
skycell.2364.058,8.086750791672879,95.7717513906268,54.17802433610143,96.15479342099567,53.96620480174792,96.13328708077664,54.40349091012128,95.38486495998616,54.38850180530148,95.41420726945516,53.9514539732648
skycell.2364.059,7.793107827478241,95.08440444518534,54.16233352441144,95.47064721651384,53.95273884685094,95.44190145084524,54.389807427131466,94.69435164580516,54.37055488535177,94.7309062569244,53.93379212573001
skycell.2364.064,9.113797644492706,98.52949982455569,54.60586818060364,98.90220523757073,54.38541955627613,98.90992988979836,54.822903280985614,98.15276712662228,54.82507840231667,98.15307534350828,54.38756012954453
skycell.2364.065,8.780733759317505,97.8337727136186,54.60586714957031,98.21019908993269,54.38756021397314,98.21050347009589,54.82507848810802,97.45334076525056,54.82290111679098,97.46106925236413,54.38541742645421
skycell.2364.066,8.453724246969882,97.13814821887748,54.601877885928374,97.51818466197928,54.385744097068816,97.51106850084278,54.82323305951012,96.7541314492972,54.81670481465201,96.76927337305756,54.37931952204954
skycell.2364.067,8.133527782388182,96.44283128525352,54.59390333672944,96.82636379544564,54.37997253902919,96.8118333855247,54.817368367494254,96.05534717911408,54.806494100969665,96.07788916511544,54.36927089113998
skycell.2364.068,7.82100250852729,95.7480263143326,54.58194938850669,96.134937993539,54.37024977545416,96.1130061705648,54.807488770964525,95.35719519675986,54.792276556117365,95.38711736909676,54.35527889987567
skycell.2364.069,7.51711889275137,95.05393680486829,54.56602485369464,95.44410806940247,54.356582934380214,95.4147941745737,54.7936016052757,94.65988161883224,54.77406271815366,94.6971576583812,54.33735378891577
skycell.2364.074,8.896764443317698,98.53296060515162,55.010084155485345,98.90933685118648,54.789648662101406,98.91721603136224,55.227044833987584,98.15247640553068,55.229252310047535,98.15279078915054,54.79182114012962
skycell.2364.075,8.555359310770859,97.83030835317147,55.01008310909998,98.21048010212176,54.791821225816705,98.21079057225457,55.22925239711508,97.44605100652248,55.22704263760252,97.45393409827416,54.78964650053666
skycell.2364.076,8.21950013481495,97.12776181186864,55.0060344515072,97.51161482438,54.78997803988282,97.50435630435436,55.22737951770889,96.73984923279292,55.220754185507424,96.75529392301604,54.78345772686244
skycell.2364.077,7.889924434034662,96.42553210272142,54.99794120918188,96.812948912721,54.784120473602385,96.79812794928328,55.22142760517566,96.03408538226223,55.210391683279475,96.05707775664034,54.773259414115586
skycell.2364.078,7.567475215928617,95.72382977631445,54.985809427187895,96.11468990629312,54.774252876355526,96.0923198533826,55.21140113622142,95.32897295590718,55.19596291594425,95.3594923371969,54.75905912612332
skycell.2364.079,7.253117085292854,95.0228644346636,54.96964815500905,95.4170446193873,54.76038256748414,95.38714559808054,55.19730764425777,94.6247242719682,55.1774787056501,94.6627432818368,54.74086737797467
skycell.2364.083,9.047055145035092,99.24609879570112,55.41009274291428,99.62223244233525,55.18751980513225,99.63798508466564,55.62468396741043,98.8657549201857,55.63140534800908,98.85835371736444,55.19413482279334
skycell.2364.084,8.693057642090345,98.53649097349351,55.41419944852154,98.91661107002628,55.193798525196584,98.92464946162843,55.63106364221094,98.1521798065616,55.633303898738966,98.15250054385965,55.19600332336061
skycell.2364.085,8.343439402848668,97.82677433300196,55.414198386583216,98.21076673440255,55.19600341032256,98.21108347912222,55.63330398709952,97.43861388599578,55.63106141321195,97.4466562681872,55.193796331475795
skycell.2364.086,7.998811524616153,97.11716662334771,55.41008955790297,97.50491361170778,55.19413280293101,97.497508417994,55.63140329566389,96.72527843922006,55.62467959947051,96.74103506648164,55.18751550630159
skycell.2364.087,7.659877700327683,96.4078853932273,55.401876070988656,96.79926589418048,55.18818810933033,96.7841455759799,55.62536301564369,96.0123943184295,55.61416331559688,96.03585070901916,55.17716556696359
skycell.2364.088,7.327450804795205,95.69914759119106,55.38956413463739,96.09403740031937,55.17817379638973,96.07121585619124,55.615187745445105,95.30018153783774,55.599520558028985,95.33131617240032,55.1627542813988
skycell.2364.089,7.002472168672535,94.99116916867636,55.37316304314595,95.38944118684672,55.164097380982945,95.35893935743348,55.60088522307992,94.58885886811552,55.58076244236591,94.6276432553316,55.144292448034854
skycell.2364.093,8.865079646032989,99.25690540157422,55.81400626432779,99.63677548587866,55.59145699821437,99.652849528681,56.02844534011366,98.8727388868842,56.035266357384145,98.865186600877,55.59817023988534
skycell.2364.094,8.503638888152164,98.54009304972588,55.8181739048382,98.92403221439108,55.59782894792606,98.9322346920832,56.03491958535555,98.15187714963376,56.03719305822059,98.15220443518776,55.6000664911559
skycell.2364.095,8.146028191635436,97.82316853077276,55.81817282714129,98.21105915707628,55.60006657940943,98.21138236853844,56.037193147891315,97.43102488994629,56.03491732330908,97.43923143965912,55.59782672162657
skycell.2364.096,7.792812636539168,97.1063562949412,55.81400303206258,97.4980770437522,55.59816819002576,97.49052068540853,56.03526427461001,96.7104102350624,56.02844090743543,96.72648834399416,55.591452635562725
skycell.2364.097,7.444648772680229,96.38988058165008,55.80566771287627,96.78530662105564,55.59213522431317,96.7698777878242,56.02913445287183,95.99026086136756,56.017768801561125,96.01419545113586,55.580949080308855
skycell.2364.098,7.102302941767035,95.67396499910268,55.79317324756162,96.0729682426348,55.581972270513454,96.04968140573816,56.01880840686735,95.27080356366632,56.0029092206188,95.30257222951629,55.566324034646286
skycell.2364.099,6.766673301377798,94.95883210683456,55.77652918335868,95.36128146116346,55.567687049550614,95.33015842294544,56.00429408606385,94.55226382862551,55.98387358346412,94.59183690916676,55.54758858966674
skycell.2413.000,8.860064433136332,68.04977296252844,56.13598128630802,68.41877851607742,55.90672173581181,68.46105713873551,56.343562426655026,67.67629498803312,56.364235059921,67.64304488834063,55.92704651447988
skycell.2413.010,8.682617002448438,68.08505205871673,56.53991206346958,68.45781314364704,56.310394628357855,68.50101293780666,56.74739592594655,67.70771940229866,56.76839521533201,67.67374369983861,56.33104065199435
skycell.2413.011,9.04928816007602,67.3560757841915,56.557017095083474,67.7336180126646,56.32963939301718,67.76829910183906,56.7669699675393,66.97396287406715,56.78331956929446,66.94854193471477,56.345713702141126
skycell.2413.020,8.520506895357446,68.1211046631005,56.94397362777609,68.49769787910904,56.71421760382402,68.54184923894641,57.15133552268253,67.7398374337055,57.17266660603141,67.7051121357244,56.73518986749085
skycell.2413.021,8.89382505998879,67.38415275815349,56.9613490623826,67.76563770758703,56.73376645492435,67.80108387112728,57.17121882692666,66.99799450705123,57.18782700006475,66.97201206894147,56.750094995666984
skycell.2413.030,8.374658873972722,68.15795646735242,57.34812535575425,68.53846075910252,57.118150019797234,68.58359542883574,57.55534047584774,67.77267228251226,57.57700863028686,67.73717232763735,57.13945365021613
skycell.2413.031,8.754154276271093,67.41285296698588,57.36577547422661,67.79836344315873,57.1380077353931,67.83460025613968,57.57553796094859,67.02256311391075,57.59240882943515,66.99600037508138,57.15459451368294
skycell.2413.032,9.135718674468283,66.66686409395628,57.379025024717826,67.05726334208475,57.15350909746189,67.08456557307888,57.59130481473825,66.27169094751645,57.60336474257357,66.2540924263966,57.16536580133524
skycell.2413.040,8.245962618901927,68.19563431230932,57.752326548141035,68.58013106501758,57.52215114180318,68.62628221459185,57.95936997724699,67.80624819435586,57.98138062667621,67.76994739248637,57.54379140438291
skycell.2413.041,8.631068077018405,67.44219737994922,57.770255749056595,67.83181881014147,57.54232262918084,67.86887299928439,57.97988669817547,67.04768688623223,57.99702450117712,67.02052419622741,57.55917175978655
skycell.2413.042,9.017799480319207,66.68784495489383,57.783714981337575,67.082469894999,57.55806916821313,67.11038872641404,57.995903010767705,66.2883364421527,58.008153896994074,66.27034009776595,57.57011354559281
skycell.2413.050,8.135251307909886,68.23416625287167,58.15653645311435,68.6227393927452,57.926180166298224,68.66994169865946,58.363383174497336,67.84059051974535,58.38574189753559,67.80346148784416,57.948162472588486
skycell.2413.051,8.525303098903342,67.47220791698646,58.17474925911212,67.86602846109172,57.94667046892056,67.90392797026092,58.384224330393515,67.07338484627591,58.40163342852988,67.04560165776175,57.96378618131466
skycell.2413.052,8.916572519034975,66.7093025875736,58.18842157974694,67.10824545246668,57.962666137150315,67.13680199937959,58.40049417655624,66.30536269171654,58.412939147508595,66.28695488347684,57.974901220047165
skycell.2413.060,8.043278910330038,68.27358162734593,58.560714289518344,68.66631772716309,58.33019624366331,68.71460745884919,58.76733919397684,67.87572577766194,58.79005173239347,67.83773987111802,58.35252615926221
skycell.2413.061,8.43752149773837,67.50290750317609,58.579215354044855,67.90101817071857,58.351010548537445,67.9397922309352,58.78851013600548,67.09967689491066,58.8061950179846,67.07125171194389,58.36839719311778
skycell.2413.062,8.832622008847526,66.73125342386878,58.5931042685018,67.1346094904221,58.36725941118221,67.1638258425854,58.80503771018229,66.3227829085263,58.817679984328976,66.30394936517285,58.379688318579035
skycell.2413.070,7.97069734776749,68.31391113158779,58.96481927004187,68.71089952173621,58.73415850115784,68.76031463394095,59.17119716368783,67.91168172359845,59.19426943135079,67.87280896280005,58.75684175410232
skycell.2413.071,8.368292297033799,67.53432012696872,58.98361338451051,67.93681490040231,58.755302146652625,67.9764941047422,59.19270340337548,67.1265838629052,59.210668693037384,67.09749418558118,58.77296420134528
skycell.2413.072,8.766447249995164,66.75371465922791,58.997722502587415,67.16158238337898,58.77180838808214,67.19148166208319,59.20949302626592,66.34061092320024,59.22233591928528,66.32133670593085,58.78443433069162
skycell.2413.073,9.165068241601327,65.97238299294834,59.00713460083538,66.38548378825995,58.783663288695095,66.40556987082316,59.221551623906976,65.55405763058944,59.229261076099085,65.54462037125228,58.791242437283344
skycell.2413.080,7.9180349151659835,68.35518689833958,59.36881062430873,68.75651978364608,59.13802606579162,68.80710001530637,59.57491623599105,67.94848742240478,59.59835432836628,67.90869641412885,59.16106855546182
skycell.2413.081,8.318074011412428,67.56647090251667,59.38790272569968,67.9734468672116,59.15950454993384,68.01406325098864,59.596763454076594,67.15412756585273,59.61501391787239,67.12434983103444,59.17744662720235
skycell.2413.082,8.718448525869242,66.77670429753177,59.40223576728459,67.1891854568278,59.17627248021845,67.21979187578945,59.61381957962351,66.35886122124387,59.626866509794866,66.33913068423239,59.18909876553449
skycell.2413.083,9.119093203060393,65.98618557938302,59.41179734787634,66.40402728258603,59.18831548472009,66.42458887597698,59.62606974968039,65.56299366672377,59.633901752963325,65.55333285473208,59.19601496195175
skycell.2413.090,7.885677477121684,68.39744258218917,59.77264762183781,68.80321516490082,59.5417580870712,68.85500214505136,59.97845561016771,67.98617332633869,60.00226581440627,67.94543117952546,59.56516589364329
skycell.2413.091,8.287199681292469,67.59938613643654,59.79204280076832,68.01094361778894,59.56357707635285,68.05253074446446,60.000649666000434,67.18233086303294,60.019190220936295,67.15184038083282,59.58180393064019
skycell.2413.092,8.68891508499377,66.80024119914857,59.8066036019574,67.21744104334078,59.580611138216085,67.24877997395188,60.01797688881147,66.37754898226612,60.03123138274264,66.35734573034462,59.59364117587853
skycell.2413.093,9.090776946005846,66.00031698679047,59.816317230845534,66.42300955329871,59.59284544774438,66.44406374074399,60.03042194222745,65.57214402335985,60.03837861823243,65.56225162059883,59.60066730473218
skycell.2414.000,5.331641219152694,75.24977754016516,56.13598128630802,75.61878309371414,55.90672173581181,75.66106171637223,56.343562426655026,74.87629956566984,56.364235059921,74.84304946597734,55.92704651447988
skycell.2414.001,5.657859502448596,74.5286065532047,56.152820084090955,74.90228635055377,55.925667069400625,74.93622685010723,56.36283199401493,74.15045538685031,56.37892703904369,74.12557794750008,55.941491049521034
skycell.2414.002,5.9933973126643325,73.80663299304516,56.16546011446778,74.18488000115457,55.94045556934913,74.21045015138144,56.37787381410804,73.42392002022613,56.38937877352003,73.407438928613,55.95176664074969
skycell.2414.003,6.336766646460927,73.08408510016238,56.17389162491244,73.46678761762801,55.951075918722914,73.48396307603618,56.38867620817822,72.69692638106761,56.39558213344978,72.68885735855213,55.95786541054467
skycell.2414.004,6.686744244927533,72.36119220855004,56.17810810087765,72.74823406142862,55.95751997653185,72.75699844630866,56.395230774549525,71.96970826842939,56.3975322881671,71.97005902041646,55.95978267828606
skycell.2414.005,7.042319822372138,71.63818431032695,56.17810628178559,72.02944506282549,55.95978279749867,72.02979000525897,56.39753240942469,71.24249991487608,56.395227718224696,71.25127010630572,55.95751697174472
skycell.2414.006,7.402654206540915,70.91529161720982,56.17388616904338,71.31064679628878,55.95786264409123,71.30257196676534,56.395579319545675,70.51553553411688,56.38867021916711,70.53271679053057,55.951070030668184
skycell.2414.007,7.767045876477222,70.19274412093857,56.165451026039506,70.59206545378305,55.95176099075421,70.57557856324915,56.38937302664639,69.78904886873131,56.377864897071994,69.81462480290674,55.94044680254349
skycell.2414.008,8.134904363439734,69.47077115475082,56.15280737012163,69.87392681797816,55.941482520318,69.84904359331014,56.378918363673826,69.06327274016695,56.36282015588427,69.09721900414358,55.92565543055942
skycell.2414.009,8.505729147030106,68.74960095799288,56.13596495659897,69.15645583738893,55.92703511260356,69.12319997145438,56.364223462798385,68.33843860316996,56.343547676611855,68.38072296531926,55.90670723383298
skycell.2414.010,5.098004458214164,75.28505663635345,56.53991206346958,75.65781772128376,56.310394628357855,75.70101751544338,56.74739592594655,74.90772397993538,56.76839521533201,74.87374827747533,56.33104065199435
skycell.2414.011,5.438212818663271,74.55608036182822,56.557017095083474,74.93362259030133,56.32963939301718,74.96830367947578,56.7669699675393,74.17396745170387,56.78331956929446,74.14854651235149,56.345713702141126
skycell.2414.012,5.78647889529722,73.82627510663363,56.569857131330394,74.20848812604451,56.34466183465513,74.23461686500772,56.7822496799626,73.43949684015554,56.793936725116225,73.42265539649088,56.35615196181418
skycell.2414.013,6.141424065122568,73.09587659644536,56.578422130602384,73.4826451730366,56.355450302480726,73.50019614535148,56.79322303723186,72.70455275938478,56.80023831076909,72.69630722739478,56.362347320612734
skycell.2414.014,6.501937192974192,72.36512171110489,56.5827053849994,72.7563259361575,56.36199641496712,72.76528203637723,56.79988138747614,71.96937675662127,56.80221935157001,71.96973518243564,56.36429495946883
skycell.2414.015,6.8671156268845905,71.63424802512749,56.58270353709425,72.02976353703312,56.36429508056996,72.0301160261913,56.80221947474816,71.23421083683562,56.799878282749475,71.24317287057465,56.361993362584926
skycell.2414.016,7.236219786644856,70.9034933448298,56.57841658833575,71.30319156602113,56.36234451033862,71.2949401000332,56.8002354523014,70.49929698508876,56.793216953408546,70.51685388200119,56.35544432119271
skycell.2414.017,7.608638303916072,70.17309524432717,56.5698478990454,70.57684363194014,56.35614622235168,70.55999626272224,56.79393088726025,69.76487668897973,56.78224062184293,69.79101133786284,56.344652929111504
skycell.2414.018,7.983861233380516,69.44329060266303,56.55700418000644,69.85095291170973,56.34570503795285,69.82552606100776,56.78331075665679,69.0311904635449,56.76695794225988,69.06587744225317,56.3296275701316
skycell.2414.019,8.361459397032172,68.71431514432092,56.53989547569212,69.12575170207023,56.33102906980755,69.09177010817734,56.76838343485686,68.29847738094043,56.747380942962174,68.3416830386053,56.31037989729047
skycell.2414.020,4.886584189772686,75.32110924073721,56.94397362777609,75.69770245674576,56.71421760382402,75.74185381658313,57.15133552268253,74.93984201134222,57.17266660603141,74.90511671336112,56.73518986749085
skycell.2414.021,5.240492004204467,74.58415733579021,56.9613490623826,74.96564228522375,56.73376645492435,75.001088448764,57.17121882692666,74.19799908468795,57.18782700006475,74.17201664657819,56.750094995666984
skycell.2414.022,5.601039554363165,73.84634887219589,56.97439224385485,74.23261174503321,56.749026485092635,74.2593175691519,57.18674018320518,73.45541815726371,57.198612191632215,73.43820441504889,56.760698464981004
skycell.2414.023,5.967015184467185,73.1079273912151,56.98309283072813,73.49884927126779,56.75998569735027,73.51678820573143,57.197887205282896,72.71234788468934,57.20501355747175,72.70391998776472,56.76699192363171
skycell.2414.024,6.337460758523615,72.36913765300216,56.9874439145282,72.76459473513403,56.76663546072715,72.77374891035556,57.20465098168635,71.96903790841382,57.20702597345834,71.96940426267568,56.768970408967505
skycell.2414.025,6.711609785723196,71.63022515139652,56.987442037356296,72.03008897572346,56.76897053198674,72.03044926200924,57.20702609858745,71.22573835350157,57.20464782779149,71.23489859342203,56.76663236000515
skycell.2414.026,7.0888418783411655,70.89143562506507,56.983087200704674,71.2955733270336,56.76698906885113,71.28713936491003,57.20501065373488,70.48269932398156,57.19788102514787,70.50064431382357,56.759979621371485
skycell.2414.027,7.4686490543879875,70.15301456742486,56.97438286545282,70.56128914255412,56.76069263465268,70.5440693439625,57.19860626135473,69.74017039830268,57.18673098177442,69.76688226246674,56.74901743864577
skycell.2414.028,7.8506106258116715,69.41520673778737,56.96133594304434,69.8274773197569,56.750086194386434,69.80148884010826,57.18781804799166,68.9984001274371,57.17120661155068,69.03385230972802,56.73375444512868
skycell.2414.029,8.234374331861359,68.67825567615456,56.9439567778943,69.09437782683005,56.73517810218545,69.05964650811464,57.17265463931509,68.25763553814821,57.15132030309915,68.30179288955023,56.71420264011168
skycell.2414.030,4.7004327882334795,75.35796104498914,57.34812535575425,75.73846533673924,57.118150019797234,75.78360000647245,57.55534047584774,74.97267686014898,57.57700863028686,74.93717690527407,57.13945365021613
skycell.2414.031,5.067314015506591,74.6128575446226,57.36577547422661,74.99836802079545,57.1380077353931,75.0346048337764,57.57553796094859,74.22256769154747,57.59240882943515,74.1960049527181,57.15459451368294
skycell.2414.032,5.439322899738392,73.866868671593,57.379025024717826,74.25726791972147,57.15350909746189,74.2845701507156,57.59130481473825,73.47169552515317,57.60336474257357,73.45409700403331,57.16536580133524
skycell.2414.033,5.8154671017764885,73.12024613153261,57.38786335456965,73.5154113948903,57.16464174986909,73.53375129597094,57.60262827702481,72.72031742007339,57.609867485621315,72.71170104087558,57.17175891090384
skycell.2414.034,6.194975179596489,72.37324291809811,57.3922833471342,72.77304632466013,57.17139680283322,72.78240521896078,57.60949916682985,71.96869147754899,57.611911779299994,71.96906602626905,57.17376873075116
skycell.2414.035,6.577237951408693,71.62611280030089,57.39228144022967,72.03042160987391,57.17376885571883,72.03078995489204,57.61191190641135,71.21707631008543,57.60949596297949,71.22644140466262,57.17139365300676
skycell.2414.036,6.961767027230711,70.87910980589416,57.38785763539338,71.28778667422822,57.1717560109128,71.2791640942312,57.60986453589037,70.46573050794974,57.60262199903753,70.4840765995651,57.16463557770329
skycell.2414.037,7.34816511824432,70.13248770344276,57.37901549787762,70.54539096201277,57.16535987870512,70.52778624931472,57.60335871839613,69.71491210578222,57.59129546770806,69.74222051128578,57.15349990788913
skycell.2414.038,7.736104508640327,69.38649948571285,57.36576214738897,69.8034834357467,57.154585573147195,69.77691452084704,57.59239973569982,68.96487805207013,57.575525552448184,69.00112101730606,57.13799553574604
skycell.2414.039,8.125311250115107,68.64139685700638,57.34810823962436,69.06231207623712,57.139441698909735,69.02680596703429,57.576996474362225,68.21588368420366,57.55532501590864,68.26102447778331,57.11813481979003
skycell.2414.040,4.542698884974258,75.39563888994604,57.752326548141035,75.7801356426543,57.52215114180318,75.82628679222857,57.95936997724699,75.00625277199258,57.98138062667621,74.96995197012309,57.54379140438291
skycell.2414.041,4.921308483173188,74.64220195758594,57.770255749056595,75.03182338777819,57.54232262918084,75.06887757692111,57.97988669817547,74.24769146386895,57.99702450117712,74.22052877386413,57.55917175978655
skycell.2414.042,5.303534725073184,73.88784953253055,57.783714981337575,74.28247447263571,57.55806916821313,74.31039330405076,57.995903010767705,73.48834101978942,58.008153896994074,73.47034467540267,57.57011354559281
skycell.2414.043,5.688640070104691,73.13284185321193,57.7926932691954,73.53234353931015,57.569378029961605,73.5510979991129,58.00740576643918,72.72846728488393,58.01475965913022,72.7196560293909,57.57660789951987
skycell.2414.044,6.076058524778243,72.37744051997448,57.79718327980567,72.78168683326624,57.57624005597271,72.79125739121658,58.01438550427479,71.96833720662264,58.01683634713708,71.96872022784626,57.578649555257286
skycell.2414.045,6.465346899632285,71.6219079530583,57.79718134268974,72.0307616807899,57.57864968220461,72.03113835798042,58.01683647626276,71.20821827330789,58.01438224965951,71.21779517170923,57.576236856256266
skycell.2414.046,6.856151514961179,70.8665068463198,57.79268745943164,71.2798259608835,57.57660495359498,71.27100836439287,58.01475666265988,70.44837794971716,58.007399389015816,70.46713873978372,57.569371760071704
skycell.2414.047,7.248185031426672,70.111499619527,57.78370530367389,70.52913757431935,57.570107529185705,70.51113489857764,58.008147777396665,69.6890831128698,57.99589351578577,69.71700825779153,57.558059833231304
skycell.2414.048,7.641210042213665,69.35714787208244,57.77024221139213,69.77895391258095,57.55916267777381,69.75178490743733,57.99701526349046,68.93059949088989,57.979874093438376,68.96765997027063,57.5423102366612
skycell.2414.049,8.035027263056566,68.60371184101174,57.7523091615055,69.0295313294234,57.54377926411501,68.99322423514872,57.98136827849338,68.17319110790783,57.95935427309128,68.21934851801954,57.52213570175271
skycell.2414.050,4.416455899420685,75.43417083050839,58.15653645311435,75.82274397038192,57.926180166298224,75.86994627629618,58.363383174497336,75.04059509738207,58.38574189753559,75.00346606548088,57.948162472588486
skycell.2414.051,4.804978413460811,74.67221249462318,58.17474925911212,75.06603303872843,57.94667046892056,75.10393254789764,58.384224330393515,74.27338942391263,58.40163342852988,74.24560623539847,57.96378618131466
skycell.2414.052,5.195731774378929,73.90930716521032,58.18842157974694,74.3082500301034,57.962666137150315,74.3368065770163,58.40049417655624,73.50536726935326,58.412939147508595,73.48695946111356,57.974901220047165
skycell.2414.053,5.588239316665434,73.14572400291257,58.19754210352171,73.54965824171765,57.97415405487108,73.56884147354764,58.412179160792654,72.73680366938245,58.41964961791424,72.72779085106775,57.98149845643781
skycell.2414.054,5.982136892924317,72.38173360931552,58.20210327300235,72.7905226665283,57.98112478457033,72.80031215037359,58.419269531254,71.96797482644666,58.4217592317845,71.96836661094228,57.98357246351232
skycell.2414.055,6.377139176385733,71.6176074535472,58.20210130518257,72.03110944068857,57.98357259247128,72.03149473600389,58.4217593629576,71.1991575154681,58.419266225041,71.2089534847458,57.98112153415631
skycell.2414.056,6.773017293563333,70.853617294264,58.19753620169502,71.27168528500123,57.981495463835586,71.26266598068223,58.41964657393771,70.43062848646721,58.41217268230389,70.44981819307122,57.974147685676904
skycell.2414.057,7.169583618094558,70.09003460009436,58.18841174880675,70.51251694329704,57.974895108346594,70.4941026591416,58.41293293092749,69.66266386731922,58.40048453120276,69.69122687147512,57.96265665441248
skycell.2414.058,7.566681208288726,69.3271299716274,58.17473550719942,69.7538706206925,57.963776955541015,69.72608097322788,58.401624044537016,68.89553856986377,58.38421152621848,68.93344451193423,57.9466578804232
skycell.2414.059,7.964176326896229,68.56517256801784,58.15651879159584,68.99601142468038,57.94815014031616,68.95887595761069,58.38572935395742,68.12952570255172,58.36336722215425,68.17673441030071,57.926164482352384
skycell.2414.060,4.324475684891582,75.47358620498265,58.560714289518344,75.86632230479981,58.33019624366331,75.9146120364859,58.76733919397684,75.07573035529866,58.79005173239347,75.03774444875474,58.35252615926221
skycell.2414.061,4.720530206878314,74.70291208081281,58.579215354044855,75.10102274835529,58.351010548537445,75.13979680857192,58.78851013600548,74.29968147254738,58.8061950179846,74.2712562895806,58.36839719311778
skycell.2414.062,5.117693911563151,73.9312580015055,58.5931042685018,74.33461406805881,58.36725941118221,74.36383042022211,58.80503771018229,73.52278748616303,58.817679984328976,73.50395394280957,58.379688318579035
skycell.2414.063,5.515718377482863,73.1589024617551,58.60236937242022,73.5673686120167,58.37892931315329,73.58699548626835,58.816907944656,72.74533305042198,58.824496902078494,72.73611167333597,58.38639012263309
skycell.2414.064,5.91441075135755,72.38612548179461,58.60700287486209,72.79956052290073,58.38601052693027,72.80957653093459,58.82411078504262,71.96760405536689,58.826639989063686,71.96800490736206,58.38849701132582
skycell.2414.065,6.313616473924276,71.61320800040687,58.607000875831694,72.03146515332281,58.388497142329456,72.03185936595155,58.82664012231825,71.18988699740727,58.82410742637451,71.19990964088424,58.38600722498786
skycell.2414.066,6.713208059506951,70.84043126293874,58.60236337701219,71.26335847471641,58.38638708258852,71.25413046158866,58.82449380980636,70.41246834657613,58.81690136342435,70.4321018451138,58.378922843029336
skycell.2414.067,7.113077601880029,70.0680762076442,58.593094281760784,70.4955164828896,58.3796821100249,70.47667631405503,58.81767366915428,69.63563391393198,58.80502791196616,69.66485687203105,58.36724977827421
skycell.2414.068,7.5131316452729475,69.2964228537011,58.579201384363294,69.72821460344683,58.368387821233966,69.6997828127571,58.80618548526141,68.85966822259502,58.78849712909739,68.89844886327042,58.35099776086858
skycell.2414.069,7.913287597859673,68.52574969422858,58.560696348613256,68.9617271002784,58.352513631855686,68.92373461090291,58.790038990190915,68.08485388586732,58.76732298935983,68.13315016550025,58.33018031186056
skycell.2414.070,4.268971447427875,75.5139157092245,58.96481927004187,75.91090409937293,58.73415850115784,75.96031921157767,59.17119716368783,75.11168630123517,59.19426943135079,75.07281354043677,58.75684175410232
skycell.2414.071,4.669691983123148,74.73432470460544,58.98361338451051,75.13681947803903,58.755302146652625,75.17649868237892,59.19270340337548,74.32658844054193,59.210668693037384,74.2974987632179,58.77296420134528
skycell.2414.072,5.070793816911786,73.95371923686463,58.997722502587415,74.3615869610157,58.77180838808214,74.39148623971991,59.20949302626592,73.54061550083696,59.22233591928528,73.52134128356757,58.78443433069162
skycell.2414.073,5.472184212167296,73.17238757058506,59.00713460083538,73.58548836589667,58.783663288695095,73.60557444845988,59.221551623906976,72.75406220822616,59.229261076099085,72.744624948889,58.791242437283344
skycell.2414.074,5.873784811023,72.39061958651119,59.01184164542527,72.8088074106478,58.79085681941258,72.81905789687599,59.228868827130526,71.96722459853298,59.23143820003472,71.96763483650237,58.7933827535228
skycell.2414.075,6.275527067555876,71.60870613858573,59.011839614662314,72.03182909464822,58.79338288660504,72.03223253779011,59.23143833540578,71.18039935027495,59.22886541512396,71.19065662722147,58.79085346508645
skycell.2414.076,6.677349326202367,70.82693840556784,59.00712851028217,71.25483907269555,58.791239349008855,71.24539502201307,59.22925793471795,70.3938831140123,59.22154493820431,70.41397597560857,58.78365671596796
skycell.2414.077,7.079194896744179,70.04560724083986,58.99771235744602,70.47812302540413,58.78442802367794,70.45884202785004,59.22232950385836,69.60797184185449,59.209483072621005,69.63787788037395,58.77179860251894
skycell.2414.078,7.481010753683947,69.26500252402842,58.9835991934348,69.70196602946099,58.77295468093299,69.67286959045015,59.2106590090866,68.82296012090895,59.19269019034026,68.86264605838478,58.75528915652503
skycell.2414.079,7.882746638512101,68.48541251804762,58.96480104511333,68.926651931206,58.75682902834022,68.88777243478697,59.19425648719766,68.03914051441379,59.17118070258816,68.08856232571218,58.73414231742139
skycell.2414.080,4.251354654581769,75.5551914759763,59.36881062430873,75.9565243612828,59.13802606579162,76.0071045929431,59.57491623599105,75.1484920000415,59.59835432836628,75.10870099176557,59.16106855546182
skycell.2414.081,4.653549480257292,74.76647548015339,59.38790272569968,75.17345144484833,59.15950454993384,75.21406782862536,59.596763454076594,74.35413214348945,59.61501391787239,74.32435440867116,59.17744662720235
skycell.2414.082,5.055883448629859,73.97670887516848,59.40223576728459,74.38919003446452,59.17627248021845,74.41979645342617,59.61381957962351,73.55886579888059,59.626866509794866,73.5391352618691,59.18909876553449
skycell.2414.083,5.458316876451869,73.18619015701974,59.41179734787634,73.60403186022275,59.18831548472009,73.6245934536137,59.62606974968039,72.76299824436049,59.633901752963325,72.7533374323688,59.19601496195175
skycell.2414.084,5.860810038336443,72.3952195350241,59.416579180839854,72.81827066596313,59.19562322060746,72.8287639611643,59.63350326735287,71.96683614711642,59.636113495190536,71.96725610462565,59.19818926817715
skycell.2414.085,6.263323184905436,71.60409825029251,59.416577117806376,72.03220155353715,59.198189403372965,72.0326145552329,59.63611363271422,71.17068685599978,59.63349980109708,71.18118710270828,59.195619813016435
skycell.2414.086,6.665816562905595,70.81312788832447,59.411791160566295,71.24612031943961,59.19601182463604,71.23645255528359,59.633898561634545,70.37485769020876,59.62606295772499,70.395426222862,59.18830880766584
skycell.2414.087,7.068250436495861,70.02260968963672,59.40222546106386,70.46032278752773,59.18909235840677,70.44058530994242,59.6268599924058,69.5796552281429,59.613809467904346,69.61026856622944,59.17626253944019
skycell.2414.088,7.470585109239664,69.23284386236122,59.38788830949424,69.67510414158589,59.17743695577042,69.64531948568158,59.61500408011952,68.7853846005377,59.59675003141568,68.82600787548647,59.15949135396178
skycell.2414.089,7.872780946505966,68.44412890072702,59.36879211057928,68.8907582614965,59.16105562802619,68.85096035944571,59.59834117883401,67.99234879194267,59.574899514071134,68.0429358791111,59.138009625923
skycell.2414.090,4.272061461574016,75.59744715982589,59.77264762183781,76.00321974253754,59.5417580870712,76.05500672268808,59.97845561016771,75.1861779039754,60.00226581440627,75.14543575716218,59.56516589364329
skycell.2414.091,4.672432518872948,74.79939071407325,59.79204280076832,75.21094819542566,59.56357707635285,75.25253532210118,60.000649666000434,74.38233544066966,60.019190220936295,74.35184495846954,59.58180393064019
skycell.2414.092,5.073217428265685,74.00024577678529,59.8066036019574,74.4174456209775,59.580611138216085,74.4487845515886,60.01797688881147,73.57755355990284,60.03123138274264,73.55735030798134,59.59364117587853
skycell.2414.093,5.474316402480766,73.20032156442718,59.816317230845534,73.62301413093543,59.59284544774438,73.6440683183807,60.03042194222745,72.77214860099657,60.03837861823243,72.76225619823555,59.60066730473218
skycell.2414.094,5.875645940919294,72.39992911103052,59.82117513751114,72.82795797237584,59.60026933547057,72.8387028066766,60.03797378794248,71.96643837747229,60.04062557857712,71.96686840408246,59.602876180810455
skycell.2414.095,6.277133663071135,71.59938054530056,59.82117304165236,72.0325828325434,59.60287631815592,72.0330057365643,60.040625718290826,71.16074142635519,60.03797026649769,71.1714933787301,59.60026587370621
skycell.2414.096,6.678714999575316,70.7989883613357,59.81631094511646,71.23719513540146,59.600664117538706,71.22729561387737,60.0383753760908,70.35537625319664,60.03041504218102,70.3764375458773,59.59283866458582
skycell.2414.097,7.080331009539632,69.99906468721073,59.806593131894495,70.44210133393388,59.593634666931095,70.42189097540187,60.03122476162711,69.55066057728286,60.01796661628886,69.58200659201688,59.58060103958399
skycell.2414.098,7.481926904032678,69.19992055570009,59.79202815558101,69.64760720227923,59.581794105620695,69.61710963390021,60.01918022672539,68.74691058149617,60.00063603010502,68.7885047629906,59.56356367104659
skycell.2414.099,7.883451025526981,68.40186518139228,59.77262881438164,68.85401713178052,59.56515276111415,68.81326792741959,60.00225245595822,67.94444017124326,59.97843862295387,67.9962341688302,59.541741386743674
skycell.2415.000,2.8230963080933265,82.44977448840734,56.13598128630802,82.81878004195633,55.90672173581181,82.86105866461442,56.343562426655026,82.07629651391203,56.364235059921,82.04304641421953,55.92704651447988
skycell.2415.001,2.9296249717673204,81.72860350144688,56.152820084090955,82.10228329879595,55.925667069400625,82.13622379834942,56.36283199401493,81.3504523350925,56.37892703904369,81.32557489574226,55.941491049521034
skycell.2415.002,3.0852965684428644,81.00662994128734,56.16546011446778,81.38487694939676,55.94045556934913,81.41044709962362,56.37787381410804,80.62391696846832,56.38937877352003,80.60743587685519,55.95176664074969
skycell.2415.003,3.2831577515250303,80.28408204840457,56.17389162491244,80.6667845658702,55.951075918722914,80.68396002427836,56.38867620817822,79.8969233293098,56.39558213344978,79.88885430679431,55.95786541054467
skycell.2415.004,3.516102868218373,79.56118915679222,56.17810810087765,79.9482310096708,55.95751997653185,79.95699539455084,56.395230774549525,79.16970521667157,56.3975322881671,79.17005596865864,55.95978267828606
skycell.2415.005,3.777639216297359,78.83818125856914,56.17810628178559,79.22944201106768,55.95978279749867,79.22978695350116,56.39753240942469,78.44249686311827,56.395227718224696,78.45126705454791,55.95751697174472
skycell.2415.006,4.062225070468066,78.115288565452,56.17388616904338,78.51064374453097,55.95786264409123,78.50256891500753,56.395579319545675,77.71553248235907,56.38867021916711,77.73271373877276,55.951070030668184
skycell.2415.007,4.365318642357023,77.39274106918076,56.165451026039506,77.79206240202524,55.95176099075421,77.77557551149134,56.38937302664639,76.9890458169735,56.377864897071994,77.01462175114892,55.94044680254349
skycell.2415.008,4.683280653389244,76.67076810299301,56.15280737012163,77.07392376622035,55.941482520318,77.04904054155233,56.378918363673826,76.26326968840914,56.36282015588427,76.29721595238577,55.92565543055942
skycell.2415.009,5.013225974182488,75.94959790623507,56.13596495659897,76.35645278563112,55.92703511260356,76.32319691969657,56.364223462798385,75.53843555141215,56.343547676611855,75.58071991356145,55.90670723383298
skycell.2415.010,2.427996637199542,82.48505358459563,56.53991206346958,82.85781466952595,56.310394628357855,82.90101446368557,56.74739592594655,82.10772092817757,56.76839521533201,82.07374522571752,56.33104065199435
skycell.2415.011,2.5509582101877597,81.75607731007041,56.557017095083474,82.13361953854351,56.32963939301718,82.16830062771797,56.7669699675393,81.37396439994606,56.78331956929446,81.34854346059367,56.345713702141126
skycell.2415.012,2.7282462585049343,81.02627205487582,56.569857131330394,81.4084850742867,56.34466183465513,81.43461381324991,56.7822496799626,80.63949378839773,56.793936725116225,80.62265234473307,56.35615196181418
skycell.2415.013,2.950115638201649,80.29587354468755,56.578422130602384,80.68264212127879,56.355450302480726,80.70019309359367,56.79322303723186,79.90454970762697,56.80023831076909,79.89630417563697,56.362347320612734
skycell.2415.014,3.2073383118856924,79.56511865934708,56.5827053849994,79.95632288439968,56.36199641496712,79.96527898461942,56.79988138747614,79.16937370486346,56.80221935157001,79.16973213067783,56.36429495946883
skycell.2415.015,3.4921021546364464,78.83424497336968,56.58270353709425,79.2297604852753,56.36429508056996,79.23011297443348,56.80221947474816,78.4342077850778,56.799878282749475,78.44316981881684,56.361993362584926
skycell.2415.016,3.7981928771683373,78.10349029307199,56.57841658833575,78.50318851426331,56.36234451033862,78.49493704827539,56.8002354523014,77.69929393333095,56.793216953408546,77.71685083024337,56.35544432119271
skycell.2415.017,4.1208224798454784,77.37309219256936,56.5698478990454,77.77684058018232,56.35614622235168,77.75999321096442,56.79393088726025,76.96487363722191,56.78224062184293,76.99100828610503,56.344652929111504
skycell.2415.018,4.456350537749891,76.64328755090521,56.55700418000644,77.05094985995191,56.34570503795285,77.02552300924995,56.78331075665679,76.23118741178709,56.76695794225988,76.26587439049536,56.3296275701316
skycell.2415.019,4.80201467615831,75.91431209256311,56.53989547569212,76.32574865031242,56.33102906980755,76.29176705641953,56.76838343485686,75.49847432918261,56.747380942962174,75.54167998684748,56.31037989729047
skycell.2415.020,2.036414544978718,82.5211061889794,56.94397362777609,82.89769940498795,56.71421760382402,82.94185076482532,57.15133552268253,82.13983895958441,57.17266660603141,82.10511366160331,56.73518986749085
skycell.2415.021,2.1814451548870326,81.7841542840324,56.9613490623826,82.16563923346594,56.73376645492435,82.20108539700618,57.17121882692666,81.39799603293014,57.18782700006475,81.37201359482037,56.750094995666984
skycell.2415.022,2.386272326894082,81.04634582043808,56.97439224385485,81.4326086932754,56.749026485092635,81.45931451739409,57.18674018320518,80.6554151055059,57.198612191632215,80.63820136329107,56.760698464981004
skycell.2415.023,2.6370357289832325,80.30792433945729,56.98309283072813,80.69884621950997,56.75998569735027,80.71678515397362,57.197887205282896,79.91234483293152,57.20501355747175,79.90391693600691,56.76699192363171
skycell.2415.024,2.921943859553532,79.56913460124434,56.9874439145282,79.96459168337621,56.76663546072715,79.97374585859775,57.20465098168635,79.16903485665601,57.20702597345834,79.16940121091787,56.768970408967505
skycell.2415.025,3.231970082620868,78.8302220996387,56.987442037356296,79.23008592396565,56.76897053198674,79.23044621025143,57.20702609858745,78.42573530174376,57.20464782779149,78.43489554166422,56.76663236000515
skycell.2415.026,3.5605326974959213,78.09143257330726,56.983087200704674,78.49557027527578,56.76698906885113,78.48713631315222,57.20501065373488,77.68269627222375,57.19788102514787,77.70064126206576,56.759979621371485
skycell.2415.027,3.902912634690597,77.35301151566705,56.97438286545282,77.7612860907963,56.76069263465268,77.74406629220469,57.19860626135473,76.94016734654487,57.18673098177442,76.96687921070892,56.74901743864577
skycell.2415.028,4.255724206418971,76.61520368602956,56.96133594304434,77.02747426799908,56.750086194386434,77.00148578835045,57.18781804799166,76.19839707567928,57.17120661155068,76.2338492579702,56.73375444512868
skycell.2415.029,4.6165145304184705,75.87825262439675,56.9439567778943,76.29437477507224,56.73517810218545,76.25964345635683,57.17265463931509,75.4576324863904,57.15132030309915,75.50178983779242,56.71420264011168
skycell.2415.030,1.6509967154132876,82.55795799323133,57.34812535575425,82.93846228498143,57.118150019797234,82.98359695471464,57.55534047584774,82.17267380839117,57.57700863028686,82.13717385351626,57.13945365021613
skycell.2415.031,1.8267775277363656,81.81285449286479,57.36577547422661,82.19836496903764,57.1380077353931,82.23460178201859,57.57553796094859,81.42256463978966,57.59240882943515,81.39600190096029,57.15459451368294
skycell.2415.032,2.066985052402529,81.06686561983518,57.379025024717826,81.45726486796366,57.15350909746189,81.48456709895778,57.59130481473825,80.67169247339535,57.60336474257357,80.6540939522755,57.16536580133524
skycell.2415.033,2.3520031488654163,80.3202430797748,57.38786335456965,80.71540834313248,57.16464174986909,80.73374824421313,57.60262827702481,79.92031436831557,57.609867485621315,79.91169798911777,57.17175891090384
skycell.2415.034,2.667519176434855,79.5732398663403,57.3922833471342,79.97304327290232,57.17139680283322,79.98240216720296,57.60949916682985,79.16868842579117,57.611911779299994,79.16906297451123,57.17376873075116
skycell.2415.035,3.003928432113346,78.82610974854308,57.39228144022967,79.2304185581161,57.17376885571883,79.23078690313423,57.61191190641135,78.41707325832762,57.60949596297949,78.42643835290481,57.17139365300676
skycell.2415.036,3.3549236579109523,78.07910675413635,57.38785763539338,78.4877836224704,57.1717560109128,78.4791610424734,57.60986453589037,77.66572745619193,57.60262199903753,77.68407354780729,57.16463557770329
skycell.2415.037,3.716331837057046,77.33248465168495,57.37901549787762,77.74538791025496,57.16535987870512,77.7277831975569,57.60335871839613,76.9149090540244,57.59129546770806,76.94221745952797,57.15349990788913
skycell.2415.038,4.085336051051686,76.58649643395503,57.36576214738897,77.00348038398889,57.154585573147195,76.97691146908923,57.59239973569982,76.16487500031232,57.575525552448184,76.20111796554825,57.13799553574604
skycell.2415.039,4.459987259505788,75.84139380524857,57.34810823962436,76.26230902447931,57.139441698909735,76.22680291527648,57.576996474362225,75.41588063244585,57.55532501590864,75.4610214260255,57.11813481979003
skycell.2415.040,1.277467484621534,82.59563583818823,57.752326548141035,82.98013259089649,57.52215114180318,83.02628374047076,57.95936997724699,82.20624972023477,57.98138062667621,82.16994891836528,57.54379140438291
skycell.2415.041,1.497653226053641,81.84219890582813,57.770255749056595,82.23182033602038,57.54232262918084,82.2688745251633,57.97988669817547,81.44768841211113,57.99702450117712,81.42052572210632,57.55917175978655
skycell.2415.042,1.7827115485773817,81.08784648077274,57.783714981337575,81.4824714208779,57.55806916821313,81.51039025229295,57.995903010767705,80.6883379680316,58.008153896994074,80.67034162364486,57.57011354559281
skycell.2415.043,2.106514790949642,80.33283880145412,57.7926932691954,80.73234048755234,57.569378029961605,80.75109494735509,58.00740576643918,79.92846423312612,58.01475965913022,79.91965297763309,57.57660789951987
skycell.2415.044,2.4537858819670757,79.57743746821667,57.79718327980567,79.98168378150842,57.57624005597271,79.99125433945876,58.01438550427479,79.16833415486482,58.01683634713708,79.16871717608845,57.578649555257286
skycell.2415.045,2.815844784402173,78.82190490130048,57.79718134268974,79.23075862903208,57.57864968220461,79.23113530622261,58.01683647626276,78.40821522155008,58.01438224965951,78.41779211995141,57.576236856256266
skycell.2415.046,3.1876270442640133,78.06650379456198,57.79268745943164,78.47982290912569,57.57660495359498,78.47100531263506,58.01475666265988,77.64837489795934,58.007399389015816,77.66713568802591,57.569371760071704
skycell.2415.047,3.566048466896849,77.31149656776918,57.78370530367389,77.72913452256154,57.570107529185705,77.71113184681982,58.008147777396665,76.88908006111198,57.99589351578577,76.91700520603372,57.558059833231304
skycell.2415.048,3.949144737187792,76.55714482032462,57.77024221139213,76.97895086082313,57.55916267777381,76.95178185567951,57.99701526349046,76.13059643913208,57.979874093438376,76.16765691851282,57.5423102366612
skycell.2415.049,4.335610929730836,75.80370878925393,57.7523091615055,76.2295282776656,57.54377926411501,76.1932211833909,57.98136827849338,75.37318805615001,57.95935427309128,75.41934546626173,57.52213570175271
skycell.2415.050,0.9303711015846876,82.63416777875058,58.15653645311435,83.02274091862411,57.926180166298224,83.06994322453836,58.363383174497336,82.24059204562425,58.38574189753559,82.20346301372307,57.948162472588486
skycell.2415.051,1.2150956283265941,81.87220944286537,58.17474925911212,82.26602998697062,57.94667046892056,82.30392949613983,58.384224330393515,81.47338637215482,58.40163342852988,81.44560318364066,57.96378618131466
skycell.2415.052,1.5528692069279866,81.10930411345251,58.18842157974694,81.50824697834558,57.962666137150315,81.53680352525849,58.40049417655624,80.70536421759545,58.412939147508595,80.68695640935574,57.974901220047165
skycell.2415.053,1.9158867765772323,80.34572095115476,58.19754210352171,80.74965518995984,57.97415405487108,80.76883842178982,58.412179160792654,79.93680061762464,58.41964961791424,79.92778779930994,57.98149845643781
skycell.2415.054,2.2922005124892766,79.5817305575577,58.20210327300235,79.99051961477049,57.98112478457033,80.00030909861577,58.419269531254,79.16797177468885,58.4217592317845,79.16836355918447,57.98357246351232
skycell.2415.055,2.676196098312142,78.81760440178938,58.20210130518257,79.23110638893075,57.98357259247128,79.23149168424608,58.4217593629576,78.39915446371029,58.419266225041,78.408950432988,57.98112153415631
skycell.2415.056,3.064956896646185,78.05361424250619,58.19753620169502,78.47168223324341,57.981495463835586,78.46266292892442,58.41964657393771,77.6306254347094,58.41217268230389,77.64981514131341,57.974147685676904
skycell.2415.057,3.456829819650542,77.29003154833654,58.18841174880675,77.71251389153923,57.974895108346594,77.69409960738379,58.41293293092749,76.86266081556141,58.40048453120276,76.89122381971731,57.96265665441248
skycell.2415.058,3.8508072197533916,76.52712691986959,58.17473550719942,76.95386756893468,57.963776955541015,76.92607792147007,58.401624044537016,76.09553551810596,58.38421152621848,76.13344146017641,57.9466578804232
skycell.2415.059,4.246236073201173,75.76516951626003,58.15651879159584,76.19600837292256,57.94815014031616,76.15887290585287,58.38572935395742,75.3295226507939,58.36336722215425,75.3767313585429,57.926164482352384
skycell.2415.060,0.653351523554642,82.67358315322484,58.560714289518344,83.066319253042,58.33019624366331,83.1146089847281,58.76733919397684,82.27572730354085,58.79005173239347,82.23774139699692,58.35252615926221
skycell.2415.061,1.0186604972227935,81.902909029055,58.579215354044855,82.30101969659748,58.351010548537445,82.3397937568141,58.78851013600548,81.49967842078956,58.8061950179846,81.4712532378228,58.36839719311778
skycell.2415.062,1.4044680999936485,81.13125494974769,58.5931042685018,81.534611016301,58.36725941118221,81.5638273684643,58.80503771018229,80.72278443440521,58.817679984328976,80.70395089105176,58.379688318579035
skycell.2415.063,1.7976785263620123,80.35889940999729,58.60236937242022,80.76736556025888,58.37892931315329,80.78699243451054,58.816907944656,79.94532999866416,58.824496902078494,79.93610862157816,58.38639012263309
skycell.2415.064,2.1943311571332855,79.5861224300368,58.60700287486209,79.99955747114292,58.38601052693027,80.00957347917678,58.82411078504262,79.16760100360908,58.826639989063686,79.16800185560425,58.38849701132582
skycell.2415.065,2.5928350747266853,78.81320494864906,58.607000875831694,79.231462101565,58.388497142329456,79.23185631419373,58.82664012231825,78.38988394564946,58.82410742637451,78.39990658912643,58.38600722498786
skycell.2415.066,2.9924192802465313,78.04042821118092,58.60236337701219,78.4633554229586,58.38638708258852,78.45412740983085,58.82449380980636,77.61246529481832,58.81690136342435,77.632098793356,58.378922843029336
skycell.2415.067,3.3926554648416776,77.26807315588638,58.593094281760784,77.69551343113179,58.3796821100249,77.67667326229721,58.81767366915428,76.83563086217417,58.80502791196616,76.86485382027324,58.36724977827421
skycell.2415.068,3.7932787243008987,76.49641980194329,58.579201384363294,76.92821155168902,58.368387821233966,76.8997797609993,58.80618548526141,76.0596651708372,58.78849712909739,76.0984458115126,58.35099776086858
skycell.2415.069,4.194110020375362,75.72574664247077,58.560696348613256,76.16172404852058,58.352513631855686,76.1237315591451,58.790038990190915,75.2848508341095,58.76732298935983,75.33314711374244,58.33018031186056
skycell.2415.070,0.5618739399807807,82.7139126574667,58.96481927004187,83.11090104761512,58.73415850115784,83.16031615981986,59.17119716368783,82.31168324947735,59.19426943135079,82.27281048867896,58.75684175410232
skycell.2415.071,0.962572738613183,81.93432165284763,58.98361338451051,82.33681642628122,58.755302146652625,82.37649563062111,59.19270340337548,81.52658538878411,59.210668693037384,81.49749571146009,58.77296420134528
skycell.2415.072,1.3643275536274728,81.15371618510682,58.997722502587415,81.56158390925789,58.77180838808214,81.5914831879621,59.20949302626592,80.74061244907915,59.22233591928528,80.72133823180975,58.78443433069162
skycell.2415.073,1.7664733192731699,80.37238451882725,59.00713460083538,80.78548531413885,58.783663288695095,80.80557139670206,59.221551623906976,79.95405915646835,59.229261076099085,79.94462189713119,58.791242437283344
skycell.2415.074,2.168808169475654,79.59061653475338,59.01184164542527,80.00880435888999,58.79085681941258,80.01905484511818,59.228868827130526,79.16722154677517,59.23143820003472,79.16763178474456,58.7933827535228
skycell.2415.075,2.5712316112542757,78.80870308682792,59.011839614662314,79.2318260428904,58.79338288660504,79.2322294860323,59.23143833540578,78.38039629851714,59.22886541512396,78.39065357546366,58.79085346508645
skycell.2415.076,2.9736760055899083,78.02693535381003,59.00712851028217,78.45483602093773,58.791239349008855,78.44539197025526,59.22925793471795,77.59388006225448,59.22154493820431,77.61397292385075,58.78365671596796
skycell.2415.077,3.376087017610792,77.24560418908204,58.99771235744602,77.67811997364632,58.78442802367794,77.65883897609223,59.22232950385836,76.80796879009668,59.209483072621005,76.83787482861614,58.77179860251894
skycell.2415.078,3.778416565422282,76.4649994722706,58.9835991934348,76.90196297770318,58.77295468093299,76.87286653869234,59.2106590090866,76.02295706915113,59.19269019034026,76.06264300662697,58.75528915652503
skycell.2415.079,4.180619852430356,75.68540946628981,58.96480104511333,76.12664887944818,58.75682902834022,76.08776938302915,59.19425648719766,75.23913746265598,59.17118070258816,75.28855927395436,58.73414231742139
skycell.2415.080,0.7293200550751603,82.75518842421849,59.36881062430873,83.15652130952499,59.13802606579162,83.20710154118528,59.57491623599105,82.34848894828369,59.59835432836628,82.30869794000776,59.16106855546182
skycell.2415.081,1.0690666359337153,81.96647242839558,59.38790272569968,82.37344839309051,59.15950454993384,82.41406477686755,59.596763454076594,81.55412909173164,59.61501391787239,81.52435135691334,59.17744662720235
skycell.2415.082,1.441455740341732,81.17670582341067,59.40223576728459,81.5891869827067,59.17627248021845,81.61979340166836,59.61381957962351,80.75886274712278,59.626866509794866,80.7391322101113,59.18909876553449
skycell.2415.083,1.8266845918443793,80.38618710526193,59.41179734787634,80.80402880846493,59.18831548472009,80.82459040185589,59.62606974968039,79.96299519260268,59.633901752963325,79.95333438061098,59.19601496195175
skycell.2415.084,2.2180885670523023,79.59521648326628,59.416579180839854,80.01826761420531,59.19562322060746,80.02876090940649,59.63350326735287,79.16683309535861,59.636113495190536,79.16725305286784,59.19818926817715
skycell.2415.085,2.612882544811352,78.8040951985347,59.416577117806376,79.23219850177934,59.198189403372965,79.23261150347508,59.63611363271422,78.37068380424196,59.63349980109708,78.38118405095047,59.195619813016435
skycell.2415.086,3.0097015158332874,78.01312483656666,59.411791160566295,78.4461172676818,59.19601182463604,78.43644950352578,59.633898561634545,77.57485463845094,59.62606295772499,77.59542317110419,59.18830880766584
skycell.2415.087,3.4077917817262002,77.22260663787891,59.40222546106386,77.66031973576992,59.18909235840677,77.64058225818461,59.6268599924058,76.77965217638508,59.613809467904346,76.81026551447162,59.17626253944019
skycell.2415.088,3.806696247652909,76.43284081060341,59.38788830949424,76.87510108982808,59.17743695577042,76.84531643392377,59.61500408011952,75.98538154877988,59.59675003141568,76.02600482372866,59.15949135396178
skycell.2415.089,4.206115405573763,75.64412584896921,59.36879211057928,76.09075520973869,59.16105562802619,76.0509573076879,59.59834117883401,75.19234574018486,59.574899514071134,75.24293282735329,59.138009625923
skycell.2415.090,1.0369036105736607,82.79744410806808,59.77264762183781,83.20321669077973,59.5417580870712,83.25500367093026,59.97845561016771,82.3861748522176,60.00226581440627,82.34543270540436,59.56516589364329
skycell.2415.091,1.2986243433104772,81.99938766231544,59.79204280076832,82.41094514366785,59.56357707635285,82.45253227034337,60.000649666000434,81.58233238891185,60.019190220936295,81.55184190671173,59.58180393064019
skycell.2415.092,1.6190830153942317,81.20024272502748,59.8066036019574,81.61744256921969,59.580611138216085,81.64878149983079,60.01797688881147,80.77755050814503,60.03123138274264,80.75734725622353,59.59364117587853
skycell.2415.093,1.9698675261473861,80.40031851266937,59.816317230845534,80.82301107917762,59.59284544774438,80.84406526662289,60.03042194222745,79.97214554923876,60.03837861823243,79.96225314647774,59.60066730473218
skycell.2415.094,2.337378324136667,79.5999260592727,59.82117513751114,80.02795492061803,59.60026933547057,80.03869975491878,60.03797378794248,79.16643532571447,60.04062557857712,79.16686535232465,59.602876180810455
skycell.2415.095,2.714819984159938,78.79937749354275,59.82117304165236,79.23257978078558,59.60287631815592,79.2330026848065,60.040625718290826,78.36073837459737,60.03797026649769,78.37149032697229,59.60026587370621
skycell.2415.096,3.0985351755284176,77.99898530957789,59.81631094511646,78.43719208364365,59.600664117538706,78.42729256211956,60.0383753760908,77.55537320143883,60.03041504218102,77.57643449411948,59.59283866458582
skycell.2415.097,3.4864078328173442,77.19906163545292,59.806593131894495,77.64209828217606,59.593634666931095,77.62188792364405,60.03122476162711,76.75065752552504,60.01796661628886,76.78200354025907,59.58060103958399
skycell.2415.098,3.877133242981337,76.39991750394228,59.79202815558101,76.84760415052142,59.581794105620695,76.8171065821424,60.01918022672539,75.94690752973835,60.00063603010502,75.98850171123279,59.56356367104659
skycell.2415.099,4.269861542309547,75.60186212963447,59.77262881438164,76.05401408002271,59.56515276111415,76.01326487566178,60.00225245595822,75.14443711948545,59.97843862295387,75.19623111707239,59.541741386743674
skycell.2416.000,4.166705887464897,89.64977143664953,56.13598128630802,90.01877699019852,55.90672173581181,90.0610556128566,56.343562426655026,89.27629346215421,56.364235059921,89.24304336246172,55.92704651447988
skycell.2416.001,3.870526869576476,88.92860044968907,56.152820084090955,89.30228024703814,55.925667069400625,89.33622074659161,56.36283199401493,88.55044928333469,56.37892703904369,88.52557184398445,55.941491049521034
skycell.2416.002,3.5948598817289126,88.20662688952953,56.16546011446778,88.58487389763894,55.94045556934913,88.61044404786581,56.37787381410804,87.82391391671051,56.38937877352003,87.80743282509738,55.95176664074969
skycell.2416.003,3.3448535869636755,87.48407899664676,56.17389162491244,87.86678151411239,55.951075918722914,87.88395697252055,56.38867620817822,87.09692027755199,56.39558213344978,87.0888512550365,55.95786541054467
skycell.2416.004,3.126727455380117,86.76118610503441,56.17810810087765,87.148227957913,55.95751997653185,87.15699234279303,56.395230774549525,86.36970216491376,56.3975322881671,86.37005291690083,55.95978267828606
skycell.2416.005,2.947607465543289,86.03817820681132,56.17810628178559,86.42943895930986,55.95978279749867,86.42978390174335,56.39753240942469,85.64249381136045,56.395227718224696,85.6512640027901,55.95751697174472
skycell.2416.006,2.8149686371395286,85.31528551369419,56.17388616904338,85.71064069277315,55.95786264409123,85.70256586324972,56.395579319545675,84.91552943060125,56.38867021916711,84.93271068701495,55.951070030668184
skycell.2416.007,2.735576748704112,84.59273801742295,56.165451026039506,84.99205935026743,55.95176099075421,84.97557245973353,56.38937302664639,84.18904276521569,56.377864897071994,84.21461869939111,55.94044680254349
skycell.2416.008,2.7140812197121917,83.8707650512352,56.15280737012163,84.27392071446253,55.941482520318,84.24903748979452,56.378918363673826,83.46326663665133,56.36282015588427,83.49721290062796,55.92565543055942
skycell.2416.009,2.751789070382771,83.14959485447726,56.13596495659897,83.55644973387331,55.92703511260356,83.52319386793876,56.364223462798385,82.73843249965434,56.343547676611855,82.78071686180364,55.90670723383298
skycell.2416.010,3.915553111348076,89.68505053283782,56.53991206346958,90.05781161776814,56.310394628357855,90.10101141192776,56.74739592594655,89.30771787641976,56.76839521533201,89.2737421739597,56.33104065199435
skycell.2416.011,3.5986398688793124,88.9560742583126,56.557017095083474,89.3336164867857,56.32963939301718,89.36829757596016,56.7669699675393,88.57396134818825,56.78331956929446,88.54854040883586,56.345713702141126
skycell.2416.012,3.3002357259925894,88.226269003118,56.569857131330394,88.60848202252889,56.34466183465513,88.6346107614921,56.7822496799626,87.83949073663992,56.793936725116225,87.82264929297526,56.35615196181418
skycell.2416.013,3.0259026775745235,87.49587049292974,56.578422130602384,87.88263906952098,56.355450302480726,87.90019004183586,56.79322303723186,87.10454665586916,56.80023831076909,87.09630112387916,56.362347320612734
skycell.2416.014,2.7828340208739397,86.76511560758927,56.5827053849994,87.15631983264187,56.36199641496712,87.1652759328616,56.79988138747614,86.36937065310565,56.80221935157001,86.36972907892002,56.36429495946883
skycell.2416.015,2.5799274318364316,86.03424192161187,56.58270353709425,86.4297574335175,56.36429508056996,86.43010992267567,56.80221947474816,85.63420473331999,56.799878282749475,85.64316676705903,56.361993362584926
skycell.2416.016,2.4272979820477802,85.30348724131417,56.57841658833575,85.7031854625055,56.36234451033862,85.69493399651758,56.8002354523014,84.89929088157314,56.793216953408546,84.91684777848556,56.35544432119271
skycell.2416.017,2.3348221608870126,84.57308914081155,56.5698478990454,84.97683752842451,56.35614622235168,84.95999015920661,56.79393088726025,84.1648705854641,56.78224062184293,84.19100523434722,56.344652929111504
skycell.2416.018,2.3097043903405465,83.8432844991474,56.55700418000644,84.2509468081941,56.34570503795285,84.22551995749214,56.78331075665679,83.43118436002928,56.76695794225988,83.46587133873754,56.3296275701316
skycell.2416.019,2.3540431616759636,83.1143090408053,56.53989547569212,83.52574559855461,56.33102906980755,83.49176400466172,56.76838343485686,82.6984712774248,56.747380942962174,82.74167693508967,56.31037989729047
skycell.2416.020,3.6915971359658086,89.72110313722159,56.94397362777609,90.09769635323012,56.71421760382402,90.1418477130675,57.15133552268253,89.3398359078266,57.17266660603141,89.3051106098455,56.73518986749085
skycell.2416.021,3.353485084228954,88.98415123227458,56.9613490623826,89.36563618170813,56.73376645492435,89.40108234524837,57.17121882692666,88.59799298117233,57.18782700006475,88.57201054306256,56.750094995666984
skycell.2416.022,3.030953916794671,88.24634276868026,56.97439224385485,88.63260564151759,56.749026485092635,88.65931146563628,57.18674018320518,87.85541205374808,57.198612191632215,87.83819831153326,56.760698464981004
skycell.2416.023,2.7296223299226456,87.50792128769947,56.98309283072813,87.89884316775216,56.75998569735027,87.9167821022158,57.197887205282896,87.11234178117371,57.20501355747175,87.1039138842491,56.76699192363171
skycell.2416.024,2.457375524831353,86.76913154948653,56.9874439145282,87.1645886316184,56.76663546072715,87.17374280683994,57.20465098168635,86.3690318048982,57.20702597345834,86.36939815916006,56.768970408967505
skycell.2416.025,2.2249688037120077,86.03021904788089,56.987442037356296,86.43008287220783,56.76897053198674,86.43044315849362,57.20702609858745,85.62573224998594,57.20464782779149,85.6348924899064,56.76663236000515
skycell.2416.026,2.0460499993692536,85.29142952154945,56.983087200704674,85.69556722351797,56.76698906885113,85.68713326139441,57.20501065373488,84.88269322046594,57.19788102514787,84.90063821030795,56.759979621371485
skycell.2416.027,1.9355043753910153,84.55300846390924,56.97438286545282,84.96128303903849,56.76069263465268,84.94406324044688,57.19860626135473,84.14016429478706,57.18673098177442,84.16687615895111,56.74901743864577
skycell.2416.028,1.9052316150466122,83.81520063427175,56.96133594304434,84.22747121624127,56.750086194386434,84.20148273659264,57.18781804799166,83.39839402392147,57.17120661155068,83.4338462062124,56.73375444512868
skycell.2416.029,1.9588862835072451,83.07824957263894,56.9439567778943,83.49437172331443,56.73517810218545,83.45964040459901,57.17265463931509,82.65762943463258,57.15132030309915,82.7017867860346,56.71420264011168
skycell.2416.030,3.5001286891638443,89.75795494147351,57.34812535575425,90.1384592332236,57.118150019797234,90.18359390295684,57.55534047584774,89.37267075663335,57.57700863028686,89.33717080175845,57.13945365021613
skycell.2416.031,3.1414012367717383,89.01285144110697,57.36577547422661,89.39836191727983,57.1380077353931,89.43459873026077,57.57553796094859,88.62256158803184,57.59240882943515,88.59599884920247,57.15459451368294
skycell.2416.032,2.7944335487858614,88.26686256807737,57.379025024717826,88.65726181620585,57.15350909746189,88.68456404719997,57.59130481473825,87.87168942163754,57.60336474257357,87.85409090051769,57.16536580133524
skycell.2416.033,2.4642976257003006,87.52024002801699,57.38786335456965,87.91540529137467,57.16464174986909,87.93374519245532,57.60262827702481,87.12031131655776,57.609867485621315,87.11169493735996,57.17175891090384
skycell.2416.034,2.1588137197837245,86.77323681458249,57.3922833471342,87.1730402211445,57.17139680283322,87.18239911544515,57.60949916682985,86.36868537403336,57.611911779299994,86.36905992275342,57.17376873075116
skycell.2416.035,1.8900359584337219,86.02610669678526,57.39228144022967,86.43041550635829,57.17376885571883,86.43078385137642,57.61191190641135,85.6170702065698,57.60949596297949,85.626435301147,57.17139365300676
skycell.2416.036,1.6757529539133111,85.27910370237853,57.38785763539338,85.68778057071259,57.1717560109128,85.67915799071558,57.60986453589037,84.86572440443412,57.60262199903753,84.88407049604947,57.16463557770329
skycell.2416.037,1.5388931714337146,84.53248159992714,57.37901549787762,84.94538485849715,57.16535987870512,84.92778014579909,57.60335871839613,84.1149060022666,57.59129546770806,84.14221440777015,57.15349990788913
skycell.2416.038,1.5007398401420085,83.78649338219722,57.36576214738897,84.20347733223107,57.154585573147195,84.17690841733142,57.59239973569982,83.36487194855451,57.575525552448184,83.40111491379044,57.13799553574604
skycell.2416.039,1.5684244694237384,83.04139075349076,57.34810823962436,83.4623059727215,57.139441698909735,83.42679986351867,57.576996474362225,82.61587758068804,57.55532501590864,82.66101837426768,57.11813481979003
skycell.2416.040,3.3467780834003547,89.79563278643042,57.752326548141035,90.18012953913868,57.52215114180318,90.22628068871296,57.95936997724699,89.40624666847695,57.98138062667621,89.36994586660747,57.54379140438291
skycell.2416.041,2.9695388276632917,89.04219585407031,57.770255749056595,89.43181728426256,57.54232262918084,89.46887147340549,57.97988669817547,88.64768536035332,57.99702450117712,88.6205226703485,57.55917175978655
skycell.2416.042,2.599696345815363,88.28784342901493,57.783714981337575,88.68246836912009,57.55806916821313,88.71038720053514,57.995903010767705,87.88833491627379,58.008153896994074,87.87033857188705,57.57011354559281
skycell.2416.043,2.241025422807747,87.5328357496963,57.7926932691954,87.93233743579452,57.569378029961605,87.95109189559727,58.00740576643918,87.12846118136831,58.01475965913022,87.11964992587528,57.57660789951987
skycell.2416.044,1.8999593822073197,86.77743441645886,57.79718327980567,87.18168072975061,57.57624005597271,87.19125128770095,58.01438550427479,86.36833110310701,58.01683634713708,86.36871412433064,57.578649555257286
skycell.2416.045,1.587957385657518,86.02190184954267,57.79718134268974,86.43075557727427,57.57864968220461,86.4311322544648,58.01683647626276,85.60821216979227,58.01438224965951,85.6177890681936,57.576236856256266
skycell.2416.046,1.3257418291238245,85.26650074280417,57.79268745943164,85.67981985736787,57.57660495359498,85.67100226087724,58.01475666265988,84.84837184620153,58.007399389015816,84.8671326362681,57.569371760071704
skycell.2416.047,1.1479430472129222,84.51149351601137,57.78370530367389,84.92913147080372,57.570107529185705,84.91112879506201,58.008147777396665,84.08907700935417,57.99589351578577,84.11700215427591,57.558059833231304
skycell.2416.048,1.096360144860975,83.75714176856681,57.77024221139213,84.17894780906532,57.55916267777381,84.1517788039217,57.99701526349046,83.33059338737426,57.979874093438376,83.367653866755,57.5423102366612
skycell.2416.049,1.1874392625706645,83.00370573749612,57.7523091615055,83.42952522590778,57.54377926411501,83.39321813163309,57.98136827849338,82.5731850043922,57.95935427309128,82.61934241450392,57.52213570175271
skycell.2416.050,3.2369986414361507,89.83416472699277,58.15653645311435,90.2227378668663,57.926180166298224,90.26994017278057,58.363383174497336,89.44058899386644,58.38574189753559,89.40345996196525,57.948162472588486
skycell.2416.051,2.845231522822295,89.07220639110756,58.17474925911212,89.46602693521281,57.94667046892056,89.50392644438202,58.384224330393515,88.67338332039701,58.40163342852988,88.64560013188284,57.96378618131466
skycell.2416.052,2.456739976946213,88.3093010616947,58.18842157974694,88.70824392658777,57.962666137150315,88.73680047350068,58.40049417655624,87.90536116583763,58.412939147508595,87.88695335759793,57.974901220047165
skycell.2416.053,2.073484408492752,87.54571789939695,58.19754210352171,87.94965213820203,57.97415405487108,87.96883537003201,58.412179160792654,87.13679756586683,58.41964961791424,87.12778474755213,57.98149845643781
skycell.2416.054,1.6991187425887158,86.78172750579989,58.20210327300235,87.19051656301268,57.98112478457033,87.20030604685796,58.419269531254,86.36796872293104,58.4217592317845,86.36836050742666,57.98357246351232
skycell.2416.055,1.3411962892263205,86.01760135003157,58.20210130518257,86.43110333717294,57.98357259247128,86.43148863248827,58.4217593629576,85.59915141195248,58.419266225041,85.60894738123018,57.98112153415631
skycell.2416.056,1.0172777288155264,85.25361119074837,58.19753620169502,85.6716791814856,57.981495463835586,85.6626598771666,58.41964657393771,84.83062238295159,58.41217268230389,84.8498120895556,57.974147685676904
skycell.2416.057,0.7714423691554668,84.49002849657873,58.18841174880675,84.91251083978142,57.974895108346594,84.89409655562598,58.41293293092749,84.0626577638036,58.40048453120276,84.0912207679595,57.96265665441248
skycell.2416.058,0.6924354832839016,83.72712386811178,58.17473550719942,84.15386451717687,57.963776955541015,84.12607486971226,58.401624044537016,83.29553246634815,58.38421152621848,83.3334384084186,57.9466578804232
skycell.2416.059,0.8292214878588806,82.96516646450222,58.15651879159584,83.39600532116475,57.94815014031616,83.35886985409506,58.38572935395742,82.52951959903609,58.36336722215425,82.57672830678509,57.926164482352384
skycell.2416.060,3.175324068278016,89.87358010146703,58.560714289518344,90.26631620128418,58.33019624366331,90.31460593297028,58.76733919397684,89.47572425178303,58.79005173239347,89.43773834523911,58.35252615926221
skycell.2416.061,2.774890730858801,89.10290597729718,58.579215354044855,89.50101664483967,58.351010548537445,89.53979070505629,58.78851013600548,88.69967536903175,58.8061950179846,88.67125018606498,58.36839719311778
skycell.2416.062,2.374948773779052,88.33125189798987,58.5931042685018,88.73460796454319,58.36725941118221,88.76382431670649,58.80503771018229,87.9227813826474,58.817679984328976,87.90394783929395,58.379688318579035
skycell.2416.063,1.9759207690484424,87.55889635823948,58.60236937242022,87.96736250850107,58.37892931315329,87.98698938275272,58.816907944656,87.14532694690635,58.824496902078494,87.13610556982034,58.38639012263309
skycell.2416.064,1.5786150189189485,86.78611937827898,58.60700287486209,87.19955441938511,58.38601052693027,87.20957042741897,58.82411078504262,86.36759795185127,58.826639989063686,86.36799880384643,58.38849701132582
skycell.2416.065,1.1848647850216893,86.01320189689125,58.607000875831694,86.43145904980719,58.388497142329456,86.43185326243592,58.82664012231825,85.58988089389165,58.82410742637451,85.59990353736862,58.38600722498786
skycell.2416.066,0.800004899288859,85.24042515942311,58.60236337701219,85.66335237120079,58.38638708258852,85.65412435807303,58.82449380980636,84.81246224306051,58.81690136342435,84.83209574159818,58.378922843029336
skycell.2416.067,0.44756516043814193,84.46807010412857,58.593094281760784,84.89551037937397,58.3796821100249,84.8766702105394,58.81767366915428,84.03562781041636,58.80502791196616,84.06485076851543,58.36724977827421
skycell.2416.068,0.29099165059956883,83.69641675018548,58.579201384363294,84.1282084999312,58.368387821233966,84.09977670924148,58.80618548526141,83.2596621190794,58.78849712909739,83.29844275975479,58.35099776086858
skycell.2416.069,0.5411249162725794,82.92574359071295,58.560696348613256,83.36172099676277,58.352513631855686,83.32372850738729,58.790038990190915,82.4848477823517,58.76732298935983,82.53314406198463,58.33018031186056
skycell.2416.070,3.1645589280683004,89.91390960570888,58.96481927004187,90.3108979958573,58.73415850115784,90.36031310806204,59.17119716368783,89.51168019771954,59.19426943135079,89.47280743692114,58.75684175410232
skycell.2416.071,2.762631112081428,89.13431860108982,58.98361338451051,89.5368133745234,58.755302146652625,89.5764925788633,59.19270340337548,88.7265823370263,59.210668693037384,88.69749265970228,58.77296420134528
skycell.2416.072,2.360676483811101,88.353713133349,58.997722502587415,88.76158085750008,58.77180838808214,88.79148013620429,59.20949302626592,87.94060939732134,59.22233591928528,87.92133518005194,58.78443433069162
skycell.2416.073,1.9588037274077568,87.57238146706943,59.00713460083538,87.98548226238104,58.783663288695095,88.00556834494425,59.221551623906976,87.15405610471053,59.229261076099085,87.14461884537337,58.791242437283344
skycell.2416.074,1.5571928137536242,86.79061348299557,59.01184164542527,87.20880130713218,58.79085681941258,87.21905179336036,59.228868827130526,86.36721849501735,59.23143820003472,86.36762873298674,58.7933827535228
skycell.2416.075,1.1562184186613729,86.0087000350701,59.011839614662314,86.43182299113259,58.79338288660504,86.43222643427448,59.23143833540578,85.58039324675933,59.22886541512396,85.59065052370585,58.79085346508645
skycell.2416.076,0.7569637625760053,85.22693230205222,59.00712851028217,85.65483296917992,58.791239349008855,85.64538891849745,59.22925793471795,84.79387701049667,59.22154493820431,84.81396987209294,58.78365671596796
skycell.2416.077,0.3650864964888294,84.44560113732423,58.99771235744602,84.8781169218885,58.78442802367794,84.85883592433441,59.22232950385836,84.00796573833887,59.209483072621005,84.03787177685832,58.77179860251894
skycell.2416.078,0.13256890953281497,83.6649964205128,58.9835991934348,84.10195992594537,58.77295468093299,84.07286348693452,59.2106590090866,83.22295401739332,59.19269019034026,83.26263995486916,58.75528915652503
skycell.2416.079,0.4749494561891871,82.885406414532,58.96480104511333,83.32664582769037,58.75682902834022,83.28776633127134,59.19425648719766,82.43913441089816,59.17118070258816,82.48855622219655,58.73414231742139
skycell.2416.080,3.205186727262503,89.95518537246068,59.36881062430873,90.35651825776718,59.13802606579162,90.40709848942748,59.57491623599105,89.54848589652588,59.59835432836628,89.50869488824995,59.16106855546182
skycell.2416.081,2.809179489112033,89.16646937663776,59.38790272569968,89.5734453413327,59.15950454993384,89.61406172510974,59.596763454076594,88.75412603997383,59.61501391787239,88.72434830515553,59.17744662720235
skycell.2416.082,2.4150811957359486,88.37670277165286,59.40223576728459,88.7891839309489,59.17627248021845,88.81979034991055,59.61381957962351,87.95885969536496,59.626866509794866,87.93912915835348,59.18909876553449
skycell.2416.083,2.0241283176742,87.58618405350411,59.41179734787634,88.00402575670712,59.18831548472009,88.02458735009807,59.62606974968039,87.16299214084486,59.633901752963325,87.15333132885317,59.19601496195175
skycell.2416.084,1.6386845469333364,86.79521343150847,59.416579180839854,87.2182645624475,59.19562322060746,87.22875785764867,59.63350326735287,86.3668300436008,59.636113495190536,86.36725000111002,59.19818926817715
skycell.2416.085,1.2638936548742696,86.00409214677688,59.416577117806376,86.43219545002152,59.198189403372965,86.43260845171727,59.63611363271422,85.57068075248415,59.63349980109708,85.58118099919265,59.195619813016435
skycell.2416.086,0.913029658972474,85.21312178480885,59.411791160566295,85.64611421592399,59.19601182463604,85.63644645176797,59.633898561634545,84.77485158669313,59.62606295772499,84.79542011934637,59.18830880766584
skycell.2416.087,0.6275782122544156,84.4226035861211,59.40222546106386,84.8603166840121,59.18909235840677,84.8405792064268,59.6268599924058,83.97964912462727,59.613809467904346,84.01026246271381,59.17626253944019
skycell.2416.088,0.5272309697152316,83.6328377588456,59.38788830949424,84.07509803807027,59.17743695577042,84.04531338216596,59.61500408011952,83.18537849702207,59.59675003141568,83.22600177197084,59.15949135396178
skycell.2416.089,0.696922772286239,82.8441227972114,59.36879211057928,83.29075215798088,59.16105562802619,83.25095425593008,59.59834117883401,82.39234268842705,59.574899514071134,82.44292977559547,59.138009625923
skycell.2416.090,3.295258692322347,89.99744105631027,59.77264762183781,90.40321363902191,59.5417580870712,90.45500061917244,59.97845561016771,89.58617180045978,60.00226581440627,89.54542965364655,59.56516589364329
skycell.2416.091,2.911661912257888,89.19938461055763,59.79204280076832,89.61094209191003,59.56357707635285,89.65252921858556,60.000649666000434,88.78232933715404,60.019190220936295,88.75183885495392,59.58180393064019
skycell.2416.092,2.5336797063467436,88.40023967326967,59.8066036019574,88.81743951746188,59.580611138216085,88.84877844807298,60.01797688881147,87.97754745638721,60.03123138274264,87.95734420446571,59.59364117587853
skycell.2416.093,2.1643689390018395,87.60031546091156,59.816317230845534,88.0230080274198,59.59284544774438,88.04406221486508,60.03042194222745,87.17214249748095,60.03837861823243,87.16225009471992,59.60066730473218
skycell.2416.094,1.809148366932868,86.79992300751489,59.82117513751114,87.22795186886022,59.60026933547057,87.23869670316097,60.03797378794248,86.36643227395666,60.04062557857712,86.36686230056684,59.602876180810455
skycell.2416.095,1.4782904350367858,85.99937444178494,59.82117304165236,86.43257672902777,59.60287631815592,86.43299963304868,60.040625718290826,85.56073532283956,60.03797026649769,85.57148727521448,59.60026587370621
skycell.2416.096,1.1922980198748778,85.19898225782008,59.81631094511646,85.63718903188584,59.600664117538706,85.62728951036175,60.0383753760908,84.75537014968101,60.03041504218102,84.77643144236167,59.59283866458582
skycell.2416.097,0.9908042913909587,84.39905858369511,59.806593131894495,84.84209523041825,59.593634666931095,84.82188487188624,60.03122476162711,83.95065447376723,60.01796661628886,83.98200048850126,59.58060103958399
skycell.2416.098,0.930349428000635,83.59991445218446,59.79202815558101,84.04760109876361,59.581794105620695,84.01710353038459,60.01918022672539,83.14690447798054,60.00063603010502,83.18849865947497,59.56356367104659
skycell.2416.099,1.0357941507328847,82.80185907787666,59.77262881438164,83.2540110282649,59.56515276111415,83.21326182390396,60.00225245595822,82.34443406772763,59.97843862295387,82.39622806531457,59.541741386743674
skycell.2417.000,7.516348215344289,96.84977601428623,56.13598128630802,97.21878156783524,55.90672173581181,97.26106019049332,56.343562426655026,96.47629803979092,56.364235059921,96.44304794009844,55.92704651447988
skycell.2417.001,7.150822824969282,96.1286050273258,56.152820084090955,96.50228482467486,55.925667069400625,96.53622532422833,56.36283199401493,95.7504538609714,56.37892703904369,95.72557642162116,55.941491049521034
skycell.2417.002,6.78928929528689,95.40663146716624,56.16546011446778,95.78487847527566,55.94045556934913,95.81044862550252,56.37787381410804,95.02391849434724,56.38937877352003,95.0074374027341,55.95176664074969
skycell.2417.003,6.432481627766471,94.68408357428348,56.17389162491244,95.06678609174912,55.951075918722914,95.08396155015728,56.38867620817822,94.2969248551887,56.39558213344978,94.28885583267322,55.95786541054467
skycell.2417.004,6.081285710982052,93.96119068267112,56.17810810087765,94.34823253554973,55.95751997653185,94.35699692042976,56.395230774549525,93.56970674255048,56.3975322881671,93.57005749453756,55.95978267828606
skycell.2417.005,5.736778410030589,93.23818278444804,56.17810628178559,93.62944353694658,55.95978279749867,93.62978847938008,56.39753240942469,92.84249838899716,56.395227718224696,92.85126858042682,55.95751697174472
skycell.2417.006,5.400277175728349,92.51529009133093,56.17388616904338,92.91064527040989,55.95786264409123,92.90257044088644,56.395579319545675,92.11553400823796,56.38867021916711,92.13271526465168,55.951070030668184
skycell.2417.007,5.073402314127498,91.79274259505966,56.165451026039506,92.19206392790414,55.95176099075421,92.17557703737025,56.38937302664639,91.3890473428524,56.377864897071994,91.41462327702784,55.94044680254349
skycell.2417.008,4.75815353070156,91.07076962887191,56.15280737012163,91.47392529209924,55.941482520318,91.44904206743124,56.378918363673826,90.66327121428805,56.36282015588427,90.69721747826468,55.92565543055942
skycell.2417.009,4.4570005348248065,90.34959943211398,56.13596495659897,90.75645431151004,55.92703511260356,90.72319844557548,56.364223462798385,89.93843707729106,56.343547676611855,89.98072143944036,55.90670723383298
skycell.2417.010,7.36153856078344,96.88505511047454,56.53991206346958,97.25781619540486,56.310394628357855,97.30101598956448,56.74739592594655,96.50772245405648,56.76839521533201,96.47374675159642,56.33104065199435
skycell.2417.011,6.987837566045407,96.15607883594932,56.557017095083474,96.53362106442242,56.32963939301718,96.56830215359687,56.7669699675393,95.77396592582495,56.78331956929446,95.74854498647258,56.345713702141126
skycell.2417.012,6.617333815980385,95.42627358075472,56.569857131330394,95.8084866001656,56.34466183465513,95.83461533912882,56.7822496799626,95.03949531427664,56.793936725116225,95.02265387061198,56.35615196181418
skycell.2417.013,6.2506585801086025,94.69587507056646,56.578422130602384,95.0826436471577,56.355450302480726,95.10019461947256,56.79322303723186,94.30455123350588,56.80023831076909,94.29630570151588,56.362347320612734
skycell.2417.014,5.888582883558404,93.96512018522598,56.5827053849994,94.3563244102786,56.36199641496712,94.36528051049832,56.79988138747614,93.56937523074237,56.80221935157001,93.56973365655674,56.36429495946883
skycell.2417.015,5.532057805257595,93.23424649924858,56.58270353709425,93.6297620111542,56.36429508056996,93.6301145003124,56.80221947474816,92.83420931095672,56.799878282749475,92.84317134469576,56.361993362584926
skycell.2417.016,5.182267862147893,92.50349181895088,56.57841658833575,92.90319004014222,56.36234451033862,92.8949385741543,56.8002354523014,92.09929545920986,56.793216953408546,92.11685235612228,56.35544432119271
skycell.2417.017,4.840701633254735,91.77309371844828,56.5698478990454,92.17684210606124,56.35614622235168,92.15999473684332,56.79393088726025,91.36487516310082,56.78224062184293,91.39100981198392,56.344652929111504
skycell.2417.018,4.5092444907299765,91.04328907678412,56.55700418000644,91.45095138583082,56.34570503795285,91.42552453512886,56.78331075665679,90.631188937666,56.76695794225988,90.66587591637426,56.3296275701316
skycell.2417.019,4.190298192234769,90.314313618442,56.53989547569212,90.72575017619133,56.33102906980755,90.69176858229844,56.76838343485686,89.89847585506152,56.747380942962174,89.94168151272639,56.31037989729047
skycell.2417.020,7.2259180663586156,96.92110771485832,56.94397362777609,97.29770093086684,56.71421760382402,97.34185229070422,57.15133552268253,96.53984048546332,57.17266660603141,96.50511518748222,56.73518986749085
skycell.2417.021,6.844754890368645,96.1841558099113,56.9613490623826,96.56564075934484,56.73376645492435,96.60108692288507,57.17121882692666,95.79799755880904,57.18782700006475,95.77201512069928,56.750094995666984
skycell.2417.022,6.46600474074867,95.44634734631698,56.97439224385485,95.8326102191543,56.749026485092635,95.859316043273,57.18674018320518,95.0554166313848,57.198612191632215,95.03820288916998,56.760698464981004
skycell.2417.023,6.090182218702243,94.7079258653362,56.98309283072813,95.09884774538888,56.75998569735027,95.11678667985252,57.197887205282896,94.31234635881044,57.20501355747175,94.3039184618858,56.76699192363171
skycell.2417.024,5.717922107986967,93.96913612712324,56.9874439145282,94.36459320925512,56.76663546072715,94.37374738447666,57.20465098168635,93.56903638253492,57.20702597345834,93.56940273679676,56.768970408967505
skycell.2417.025,5.350017616519848,93.2302236255176,56.987442037356296,93.63008744984457,56.76897053198674,93.63044773613034,57.20702609858745,92.82573682762266,57.20464782779149,92.83489706754312,56.76663236000515
skycell.2417.026,4.98747303896903,92.49143409918616,56.983087200704674,92.89557180115467,56.76698906885113,92.88713783903113,57.20501065373488,92.08269779810266,57.19788102514787,92.10064278794466,56.759979621371485
skycell.2417.027,4.631576806641448,91.75301304154596,56.97438286545282,92.1612876166752,56.76069263465268,92.1440678180836,57.19860626135473,91.34016887242376,57.18673098177442,91.36688073658785,56.74901743864577
skycell.2417.028,4.284003221822804,91.01520521190848,56.96133594304434,91.427475793878,56.750086194386434,91.40148731422936,57.18781804799166,90.5983986015582,57.17120661155068,90.63385078384913,56.73375444512868
skycell.2417.029,3.946953864616993,90.27825415027566,56.9439567778943,90.69437630095116,56.73517810218545,90.65964498223572,57.17265463931509,89.8576340122693,57.15132030309915,89.90179136367132,56.71420264011168
skycell.2417.030,7.1106192382536895,96.95795951911025,57.34812535575425,97.33846381086032,57.118150019797234,97.38359848059356,57.55534047584774,96.57267533427007,57.57700863028686,96.53717537939517,57.13945365021613
skycell.2417.031,6.722882139475016,96.2128560187437,57.36577547422661,96.59836649491656,57.1380077353931,96.63460330789748,57.57553796094859,95.82256616566856,57.59240882943515,95.7960034268392,57.15459451368294
skycell.2417.032,6.336818695451581,95.46686714571408,57.379025024717826,95.85726639384256,57.15350909746189,95.88456862483667,57.59130481473825,95.07169399927426,57.60336474257357,95.0540954781544,57.16536580133524
skycell.2417.033,5.952820435350232,94.7202446056537,57.38786335456965,95.1154098690114,57.16464174986909,95.13374977009204,57.60262827702481,94.32031589419448,57.609867485621315,94.31169951499668,57.17175891090384
skycell.2417.034,5.571373403917726,93.9732413922192,57.3922833471342,94.37304479878122,57.17139680283322,94.38240369308188,57.60949916682985,93.56868995167008,57.611911779299994,93.56906450039014,57.17376873075116
skycell.2417.035,5.1930908505201385,93.22611127442198,57.39228144022967,93.630420083995,57.17376885571883,93.63078842901314,57.61191190641135,92.81707478420653,57.60949596297949,92.82643987878372,57.17139365300676
skycell.2417.036,4.818759818462397,92.47910828001524,57.38785763539338,92.88778514834932,57.1717560109128,92.8791625683523,57.60986453589037,92.06572898207084,57.60262199903753,92.0840750736862,57.16463557770329
skycell.2417.037,4.449408549976928,91.73248617756386,57.37901549787762,92.14538943613388,57.16535987870512,92.1277847234358,57.60335871839613,91.31491057990333,57.59129546770806,91.34221898540687,57.15349990788913
skycell.2417.038,4.086405409854296,90.98649795983394,57.36576214738897,91.4034819098678,57.154585573147195,91.37691299496814,57.59239973569982,90.56487652619124,57.575525552448184,90.60111949142716,57.13799553574604
skycell.2417.039,3.731605827585438,90.24139533112748,57.34810823962436,90.6623105503582,57.139441698909735,90.6268044411554,57.576996474362225,89.81588215832475,57.55532501590864,89.8610229519044,57.11813481979003
skycell.2417.040,7.0166695987181,96.99563736406714,57.752326548141035,97.3801341167754,57.52215114180318,97.42628526634968,57.95936997724699,96.60625124611369,57.98138062667621,96.56995044424418,57.54379140438291
skycell.2417.041,6.6234174393632195,96.24220043170703,57.770255749056595,96.63182186189928,57.54232262918084,96.6688760510422,57.97988669817547,95.84768993799004,57.99702450117712,95.82052724798524,57.55917175978655
skycell.2417.042,6.231182005912836,95.48784800665165,57.783714981337575,95.8824729467568,57.55806916821313,95.91039177817186,57.995903010767705,95.08833949391052,58.008153896994074,95.07034314952377,57.57011354559281
skycell.2417.043,5.840235326327793,94.73284032733302,57.7926932691954,95.13234201343124,57.569378029961605,95.151096473234,58.00740576643918,94.32846575900504,58.01475965913022,94.319654503512,57.57660789951987
skycell.2417.044,5.450915021609773,93.97743899409558,57.79718327980567,94.38168530738731,57.57624005597271,94.39125586533768,58.01438550427479,93.56833568074371,58.01683634713708,93.56871870196736,57.578649555257286
skycell.2417.045,5.063648581082614,93.2219064271794,57.79718134268974,93.630760154911,57.57864968220461,93.63113683210152,58.01683647626276,92.808216747429,58.01438224965951,92.81779364583032,57.576236856256266
skycell.2417.046,4.678988987256057,92.46650532044087,57.79268745943164,92.8798244350046,57.57660495359498,92.87100683851396,58.01475666265988,92.04837642383823,58.007399389015816,92.0671372139048,57.569371760071704
skycell.2417.047,4.2976681507040215,91.71149809364807,57.78370530367389,92.12913604844044,57.570107529185705,92.11113337269872,58.008147777396665,91.28908158699087,57.99589351578577,91.31700673191264,57.558059833231304
skycell.2417.048,3.9206789560444353,90.95714634620352,57.77024221139213,91.37895238670204,57.55916267777381,91.35178338155842,57.99701526349046,90.53059796501098,57.979874093438376,90.56765844439172,57.5423102366612
skycell.2417.049,3.5494043636729224,90.20371031513284,57.7523091615055,90.6295298035445,57.54377926411501,90.5932227092698,57.98136827849338,89.77318958202892,57.95935427309128,89.81934699214064,57.52213570175271
skycell.2417.050,6.944952196928932,97.03416930462949,58.15653645311435,97.42274244450302,57.926180166298224,97.46994475041728,58.363383174497336,96.64059357150316,58.38574189753559,96.60346453960196,57.948162472588486
skycell.2417.051,6.547399699738718,96.27221096874428,58.17474925911212,96.66603151284951,57.94667046892056,96.70393102201874,58.384224330393515,95.87338789803373,58.40163342852988,95.84560470951956,57.96378618131466
skycell.2417.052,6.15032697123891,95.50930563933142,58.18842157974694,95.90824850422447,57.962666137150315,95.9368050511374,58.40049417655624,95.10536574347437,58.412939147508595,95.08695793523464,57.974901220047165
skycell.2417.053,5.753901516012653,94.74572247703368,58.19754210352171,95.14965671583874,57.97415405487108,95.16883994766872,58.412179160792654,94.33680214350356,58.41964961791424,94.32778932518885,57.98149845643781
skycell.2417.054,5.358328357958462,93.9817320834366,58.20210327300235,94.3905211406494,57.98112478457033,94.40031062449468,58.419269531254,93.56797330056776,58.4217592317845,93.56836508506338,57.98357246351232
skycell.2417.055,4.963864651592006,93.21760592766827,58.20210130518257,93.63110791480966,57.98357259247128,93.631493210125,58.4217593629576,92.7991559895892,58.419266225041,92.8089519588669,57.98112153415631
skycell.2417.056,4.5708416312916285,92.45361576838508,58.19753620169502,92.87168375912232,57.981495463835586,92.86266445480332,58.41964657393771,92.03062696058832,58.41217268230389,92.04981666719232,57.974147685676904
skycell.2417.057,4.179698499963751,91.69003307421544,58.18841174880675,92.11251541741814,57.974895108346594,92.0941011332627,58.41293293092749,91.26266234144032,58.40048453120276,91.29122534559622,57.96265665441248
skycell.2417.058,3.7910363975491492,90.9271284457485,58.17473550719942,91.3538690948136,57.963776955541015,91.32607944734896,58.401624044537016,90.49553704398488,58.38421152621848,90.53344298605532,57.9466578804232
skycell.2417.059,3.4057074100937546,90.16517104213894,58.15651879159584,90.59600989880148,57.94815014031616,90.55887443173178,58.38572935395742,89.72952417667281,58.36336722215425,89.7767328844218,57.926164482352384
skycell.2417.060,6.896167942463983,97.07358467910376,58.560714289518344,97.4663207789209,58.33019624366331,97.514610510607,58.76733919397684,96.67572882941975,58.79005173239347,96.63774292287584,58.35252615926221
skycell.2417.061,6.495659865374342,96.3029105549339,58.579215354044855,96.70102122247638,58.351010548537445,96.739795282693,58.78851013600548,95.89967994666848,58.8061950179846,95.8712547637017,58.36839719311778
skycell.2417.062,6.095248086286079,95.5312564756266,58.5931042685018,95.9346125421799,58.36725941118221,95.9638288943432,58.80503771018229,95.12278596028412,58.817679984328976,95.10395241693068,58.379688318579035
skycell.2417.063,5.6950217871831805,94.7589009358762,58.60236937242022,95.1673670861378,58.37892931315329,95.18699396038944,58.816907944656,94.34533152454308,58.824496902078494,94.33611014745706,58.38639012263309
skycell.2417.064,5.295085107039752,93.9861239559157,58.60700287486209,94.39955899702184,58.38601052693027,94.40957500505569,58.82411078504262,93.56760252948798,58.826639989063686,93.56800338148317,58.38849701132582
skycell.2417.065,4.895563149686646,93.21320647452796,58.607000875831694,93.6314636274439,58.388497142329456,93.63185784007264,58.82664012231825,92.78988547152836,58.82410742637451,92.79990811500534,58.38600722498786
skycell.2417.066,4.496611163566677,92.44042973705984,58.60236337701219,92.8633569488375,58.38638708258852,92.85412893570977,58.82449380980636,92.01246682069724,58.81690136342435,92.0321003192349,58.378922843029336
skycell.2417.067,4.098429013243852,91.66807468176528,58.593094281760784,92.09551495701068,58.3796821100249,92.07667478817612,58.81767366915428,91.23563238805308,58.80502791196616,91.26485534615216,58.36724977827421
skycell.2417.068,3.701284838465535,90.8964213278222,58.579201384363294,91.32821307756792,58.368387821233966,91.2997812868782,58.80618548526141,90.45966669671613,58.78849712909739,90.49844733739153,58.35099776086858
skycell.2417.069,3.3055554231091224,90.12574816834967,58.560696348613256,90.56172557439947,58.352513631855686,90.523733085024,58.790038990190915,89.68485235998841,58.76732298935983,89.73314863962135,58.33018031186056
skycell.2417.070,6.870803150833353,97.1139141833456,58.96481927004187,97.51090257349402,58.73415850115784,97.56031768569876,59.17119716368783,96.71168477535626,59.19426943135079,96.67281201455786,58.75684175410232
skycell.2417.071,6.468778173296621,96.33432317872654,58.98361338451051,96.73681795216012,58.755302146652625,96.7764971565,59.19270340337548,95.92658691466302,59.210668693037384,95.897497237339,58.77296420134528
skycell.2417.072,6.066644945586875,95.55371771098572,58.997722502587415,95.9615854351368,58.77180838808214,95.991484713841,59.20949302626592,95.14061397495806,59.22233591928528,95.12133975768866,58.78443433069162
skycell.2417.073,5.664449630019497,94.77238604470617,59.00713460083538,95.18548684001776,58.783663288695095,95.20557292258096,59.221551623906976,94.35406068234724,59.229261076099085,94.34462342301008,58.791242437283344
skycell.2417.074,5.262240436233248,93.99061806063229,59.01184164542527,94.4088058847689,58.79085681941258,94.41905637099708,59.228868827130526,93.56722307265407,59.23143820003472,93.56763331062346,58.7933827535228
skycell.2417.075,4.860068417727468,93.20870461270682,59.011839614662314,93.63182756876932,58.79338288660504,93.6322310119112,59.23143833540578,92.78039782439603,59.22886541512396,92.79065510134257,58.79085346508645
skycell.2417.076,4.457988710296965,92.42693687968894,59.00712851028217,92.85483754681664,58.791239349008855,92.84539349613416,59.22925793471795,91.9938815881334,59.22154493820431,92.01397444972966,58.78365671596796
skycell.2417.077,4.056062517481111,91.64560571496096,58.99771235744602,92.07812149952522,58.78442802367794,92.05884050197112,59.22232950385836,91.2079703159756,59.209483072621005,91.23787635449504,58.77179860251894
skycell.2417.078,3.6543604148945685,90.86500099814953,58.9835991934348,91.30196450358208,58.77295468093299,91.27286806457124,59.2106590090866,90.42295859503004,59.19269019034026,90.46264453250588,58.75528915652503
skycell.2417.079,3.252968106293162,90.08541099216872,58.96480104511333,90.52665040532708,58.75682902834022,90.48777090890806,59.19425648719766,89.63913898853488,59.17118070258816,89.68856079983327,58.73414231742139
skycell.2417.080,6.8691055975397335,97.1551899500974,59.36881062430873,97.5565228354039,59.13802606579162,97.6071030670642,59.57491623599105,96.7484904741626,59.59835432836628,96.70869946588668,59.16106855546182
skycell.2417.081,6.467052200369982,96.36647395427448,59.38790272569968,96.77344991896942,59.15950454993384,96.81406630274644,59.596763454076594,95.95413061761056,59.61501391787239,95.92435288279223,59.17744662720235
skycell.2417.082,6.064878893405533,95.57670734928958,59.40223576728459,95.9891885085856,59.17627248021845,96.01979492754728,59.61381957962351,95.15886427300168,59.626866509794866,95.1391337359902,59.18909876553449
skycell.2417.083,5.662629331069491,94.78618863114085,59.41179734787634,95.20403033434384,59.18831548472009,95.2245919277348,59.62606974968039,94.36299671848158,59.633901752963325,94.35333590648987,59.19601496195175
skycell.2417.084,5.260348456585846,93.9952180091452,59.416579180839854,94.41826914008422,59.19562322060746,94.4287624352854,59.63350326735287,93.56683462123752,59.636113495190536,93.56725457874674,59.19818926817715
skycell.2417.085,4.85808298622068,93.2040967244136,59.416577117806376,93.63220002765824,59.198189403372965,93.632613029354,59.63611363271422,92.77068533012088,59.63349980109708,92.78118557682936,59.195619813016435
skycell.2417.086,4.455882167432282,92.41312636244557,59.411791160566295,92.8461187935607,59.19601182463604,92.83645102940469,59.633898561634545,91.97485616432984,59.62606295772499,91.9954246969831,59.18830880766584
skycell.2417.087,4.053799000395374,91.62260816375782,59.40222546106386,92.06032126164882,59.18909235840677,92.04058378406351,59.6268599924058,91.179653702264,59.613809467904346,91.21026704035052,59.17626253944019
skycell.2417.088,3.651892278356562,90.83284233648232,59.38788830949424,91.27510261570698,59.17743695577042,91.24531795980268,59.61500408011952,90.3853830746588,59.59675003141568,90.42600634960756,59.15949135396178
skycell.2417.089,3.250230151908168,90.04412737484812,59.36879211057928,90.4907567356176,59.16105562802619,90.4509588335668,59.59834117883401,89.59234726606377,59.574899514071134,89.64293435323219,59.138009625923
skycell.2417.090,6.891071722924543,97.19744563394698,59.77264762183781,97.60321821665865,59.5417580870712,97.65500519680916,59.97845561016771,96.7861763780965,60.00226581440627,96.74543423128328,59.56516589364329
skycell.2417.091,6.490479627822994,96.39938918819436,59.79204280076832,96.81094666954677,59.56357707635285,96.85253379622227,60.000649666000434,95.98233391479076,60.019190220936295,95.95184343259064,59.58180393064019
skycell.2417.092,6.089949383905499,95.6002442509064,59.8066036019574,96.0174440950986,59.580611138216085,96.0487830257097,60.01797688881147,95.17755203402392,60.03123138274264,95.15734878210245,59.59364117587853
skycell.2417.093,5.6895628818817645,94.80032003854828,59.816317230845534,95.22301260505652,59.59284544774438,95.2440667925018,60.03042194222745,94.37214707511768,60.03837861823243,94.36225467235664,59.60066730473218
skycell.2417.094,5.289414816261082,93.9999275851516,59.82117513751114,94.42795644649694,59.60026933547057,94.43870128079767,60.03797378794248,93.56643685159338,60.04062557857712,93.56686687820356,59.602876180810455
skycell.2417.095,4.889617835476187,93.19937901942166,59.82117304165236,93.63258130666448,59.60287631815592,93.6330042106854,60.040625718290826,92.76073990047628,60.03797026649769,92.7714918528512,59.60026587370621
skycell.2417.096,4.490310422817854,92.3989868354568,59.81631094511646,92.83719360952256,59.600664117538706,92.82729408799848,60.0383753760908,91.95537472731772,60.03041504218102,91.9764360199984,59.59283866458582
skycell.2417.097,4.091669342406113,91.59906316133184,59.806593131894495,92.04209980805496,59.593634666931095,92.02188944952296,60.03122476162711,91.15065905140396,60.01796661628886,91.18200506613798,59.58060103958399
skycell.2417.098,3.6939300314614365,90.79991902982118,59.79202815558101,91.24760567640033,59.581794105620695,91.2171081080213,60.01918022672539,90.34690905561726,60.00063603010502,90.38850323711168,59.56356367104659
skycell.2417.099,3.297421494069476,90.00186365551338,59.77262881438164,90.45401560590162,59.56515276111415,90.41326640154068,60.00225245595822,89.54443864536435,59.97843862295387,89.59623264295129,59.541741386743674
skycell.2418.006,8.943108832676177,99.7152870395731,56.17388616904338,100.11064221865206,55.95786264409123,100.10256738912862,56.395579319545675,99.31553095648016,56.38867021916711,99.33271221289384,55.951070030668184
skycell.2418.007,8.580121082233317,98.99273954330184,56.165451026039506,99.39206087614632,55.95176099075421,99.37557398561243,56.38937302664639,98.5890442910946,56.377864897071994,98.61462022527002,55.94044680254349
skycell.2418.008,8.220858656271233,98.2707665771141,56.15280737012163,98.67392224034144,55.941482520318,98.64903901567342,56.378918363673826,97.86326816253025,56.36282015588427,97.89721442650686,55.92565543055942
skycell.2418.009,7.865851580374873,97.54959638035616,56.13596495659897,97.9564512597522,55.92703511260356,97.92319539381766,56.364223462798385,97.13843402553324,56.343547676611855,97.18071838768256,55.90670723383298
skycell.2418.015,9.152409275284562,100.43424344749076,56.58270353709425,100.8297589593964,56.36429508056996,100.83011144855458,56.80221947474816,100.0342062591989,56.799878282749475,100.04316829293792,56.361993362584926
skycell.2418.016,8.7796021899284,99.70348876719308,56.57841658833575,100.1031869883844,56.36234451033862,100.09493552239648,56.8002354523014,99.29929240745204,56.793216953408546,99.31684930436448,56.35544432119271
skycell.2418.017,8.409564729978118,98.97309066669044,56.5698478990454,99.37683905430342,56.35614622235168,99.35999168508552,56.79393088726025,98.564872111343,56.78224062184293,98.59100676022612,56.344652929111504
skycell.2418.018,8.04270628781084,98.24328602502632,56.55700418000644,98.650948334073,56.34570503795285,98.62552148337105,56.78331075665679,97.83118588590818,56.76695794225988,97.86587286461643,56.3296275701316
skycell.2418.019,7.679502496914098,97.5143105666842,56.53989547569212,97.92574712443351,56.33102906980755,97.89176553054062,56.76838343485686,97.09847280330372,56.747380942962174,97.14167846096858,56.31037989729047
skycell.2418.025,9.010722096943878,100.4302205737598,56.987442037356296,100.83008439808674,56.76897053198674,100.83044468437252,57.20702609858745,100.02573377586484,57.20464782779149,100.03489401578533,56.76663236000515
skycell.2418.026,8.631800555312934,99.69143104742837,56.983087200704674,100.09556874939688,56.76698906885113,100.08713478727331,57.20501065373488,99.28269474634484,57.19788102514787,99.30063973618684,56.759979621371485
skycell.2418.027,8.25515447836733,98.95300998978814,56.97438286545282,99.3612845649174,56.76069263465268,99.3440647663258,57.19860626135473,98.54016582066596,57.18673098177442,98.56687768483002,56.74901743864577
skycell.2418.028,7.881137762748354,98.21520216015064,56.96133594304434,98.62747274212018,56.750086194386434,98.60148426247154,57.18781804799166,97.79839554980038,57.17120661155068,97.8338477320913,56.73375444512868
skycell.2418.029,7.510163720619487,97.47825109851784,56.9439567778943,97.89437324919334,56.73517810218545,97.85964193047792,57.17265463931509,97.05763096051147,57.15132030309915,97.10178831191352,56.71420264011168
skycell.2418.035,8.885062489643165,100.42610822266415,57.39228144022967,100.8304170322372,57.17376885571883,100.83078537725532,57.61191190641135,100.01707173244873,57.60949596297949,100.0264368270259,57.17139365300676
skycell.2418.036,8.500555492476536,99.67910522825744,57.38785763539338,100.0877820965915,57.1717560109128,100.07915951659449,57.60986453589037,99.26572593031302,57.60262199903753,99.28407202192838,57.16463557770329
skycell.2418.037,8.117845570731875,98.93248312580604,57.37901549787762,99.34538638437606,57.16535987870512,99.327781671678,57.60335871839613,98.5149075281455,57.59129546770806,98.54221593364906,57.15349990788913
skycell.2418.038,7.737227556845094,98.18649490807611,57.36576214738897,98.60347885810998,57.154585573147195,98.57690994321032,57.59239973569982,97.7648734744334,57.575525552448184,97.80111643966934,57.13799553574604
skycell.2418.039,7.359046918282657,97.44139227936968,57.34810823962436,97.8623074986004,57.139441698909735,97.82680138939756,57.576996474362225,97.01587910656694,57.55532501590864,97.0610199001466,57.11813481979003
skycell.2418.044,9.16676280057914,101.17743594233777,57.79718327980567,101.58168225562952,57.57624005597271,101.59125281357986,58.01438550427479,100.76833262898592,58.01683634713708,100.76871565020954,57.578649555257286
skycell.2418.045,8.776142872655202,100.42190337542158,57.79718134268974,100.83075710315318,57.57864968220461,100.8311337803437,58.01683647626276,100.00821369567116,58.01438224965951,100.01779059407252,57.576236856256266
skycell.2418.046,8.386669370631505,99.66650226868308,57.79268745943164,100.07982138324678,57.57660495359498,100.07100378675617,58.01475666265988,99.24837337208044,58.007399389015816,99.267134162147,57.569371760071704
skycell.2418.047,7.998545027680117,98.91149504189028,57.78370530367389,99.32913299668265,57.570107529185705,99.31113032094092,58.008147777396665,98.48907853523308,57.99589351578577,98.51700368015482,57.558059833231304
skycell.2418.048,7.612004835982393,98.15714329444572,57.77024221139213,98.57894933494424,57.55916267777381,98.5517803298006,57.99701526349046,97.73059491325316,57.979874093438376,97.76765539263393,57.5423102366612
skycell.2418.049,7.227324218330314,97.40370726337504,57.7523091615055,97.82952675178667,57.54377926411501,97.793219657512,57.98136827849338,96.97318653027112,57.95935427309128,97.01934394038284,57.52213570175271
skycell.2418.054,9.07913730874623,101.1817290316788,58.20210327300235,101.5905180888916,57.98112478457033,101.60030757273688,58.419269531254,100.76797024880996,58.4217592317845,100.76836203330556,57.98357246351232
skycell.2418.055,8.684609817177416,100.41760287591048,58.20210130518257,100.83110486305183,57.98357259247128,100.83149015836716,58.4217593629576,99.99915293783138,58.419266225041,100.00894890710909,57.98112153415631
skycell.2418.056,8.29087505957721,99.65361271662728,58.19753620169502,100.07168070736452,57.981495463835586,100.06266140304552,58.41964657393771,99.2306239088305,58.41217268230389,99.2498136154345,57.974147685676904
skycell.2418.057,7.898087298000978,98.89003002245764,58.18841174880675,99.31251236566033,57.974895108346594,99.29409808150488,58.41293293092749,98.4626592896825,58.40048453120276,98.4912222938384,57.96265665441248
skycell.2418.058,7.506424201824993,98.12712539399068,58.17473550719942,98.55386604305578,57.963776955541015,98.52607639559116,58.401624044537016,97.69553399222706,58.38421152621848,97.73343993429752,57.9466578804232
skycell.2418.059,7.116093037961545,97.36516799038112,58.15651879159584,97.79600684704366,57.94815014031616,97.75887137997395,58.38572935395742,96.929521124915,58.36336722215425,96.976729832664,57.926164482352384
skycell.2418.064,9.008732991134472,101.18612090415787,58.60700287486209,101.59955594526402,58.38601052693027,101.60957195329787,58.82411078504262,100.76759947773016,58.826639989063686,100.76800032972534,58.38849701132582
skycell.2418.065,8.61102708010456,100.41320342277017,58.607000875831694,100.8314605756861,58.388497142329456,100.83185478831484,58.82664012231825,99.98988241977057,58.82410742637451,99.99990506324752,58.38600722498786
skycell.2418.066,8.213815312386124,99.64042668530202,58.60236337701219,100.0633538970797,58.38638708258852,100.05412588395194,58.82449380980636,99.2124637689394,58.81690136342435,99.23209726747707,58.378922843029336
skycell.2418.067,7.817209075648761,98.86807163000748,58.593094281760784,99.29551190525288,58.3796821100249,99.27667173641832,58.81767366915428,98.43562933629526,58.80502791196616,98.46485229439432,58.36724977827421
skycell.2418.068,7.421334781050389,98.09641827606438,58.579201384363294,98.52821002581013,58.368387821233966,98.4997782351204,58.80618548526141,97.6596636449583,58.78849712909739,97.6984442856337,58.35099776086858
skycell.2418.069,7.026337973199013,97.32574511659186,58.560696348613256,97.76172252264168,58.352513631855686,97.7237300332662,58.790038990190915,96.8848493082306,58.76732298935983,96.93314558786354,58.33018031186056
skycell.2418.074,8.955957672089124,101.19061500887447,59.01184164542527,101.60880283301108,58.79085681941258,101.61905331923928,59.228868827130526,100.76722002089626,59.23143820003472,100.76763025886564,58.7933827535228
skycell.2418.075,8.555859553892398,100.408701560949,59.011839614662314,100.8318245170115,58.79338288660504,100.8322279601534,59.23143833540578,99.98039477263823,59.22886541512396,99.99065204958475,58.79085346508645
skycell.2418.076,8.15602299194085,99.62693382793113,59.00712851028217,100.05483449505884,58.791239349008855,100.04539044437637,59.22925793471795,99.19387853637558,59.22154493820431,99.21397139797185,58.78365671596796
skycell.2418.077,7.75652476348137,98.84560266320314,58.99771235744602,99.2781184477674,58.78442802367794,99.25883745021332,59.22232950385836,98.40796726421776,59.209483072621005,98.43787330273724,58.77179860251894
skycell.2418.078,7.357449552843002,98.0649979463917,58.9835991934348,98.50196145182429,58.77295468093299,98.47286501281344,59.2106590090866,97.62295554327224,59.19269019034026,97.66264148074806,58.75528915652503
skycell.2418.079,6.958892165788599,97.2854079404109,58.96480104511333,97.72664735356928,58.75682902834022,97.68776785715023,59.19425648719766,96.83913593677708,59.17118070258816,96.88855774807546,58.73414231742139
skycell.2418.084,8.92111862221958,101.19521495738738,59.416579180839854,101.6182660883264,59.19562322060746,101.62875938352758,59.63350326735287,100.7668315694797,59.636113495190536,100.76725152698891,59.19818926817715
skycell.2418.085,8.51945910518923,100.4040936726558,59.416577117806376,100.83219697590044,59.198189403372965,100.83260997759618,59.63611363271422,99.97068227836306,59.63349980109708,99.98118252507156,59.195619813016435
skycell.2418.086,8.117903422285547,99.61312331068775,59.411791160566295,100.0461157418029,59.19601182463604,100.03644797764689,59.633898561634545,99.17485311257204,59.62606295772499,99.19542164522528,59.18830880766584
skycell.2418.087,7.716504282497287,98.822605112,59.40222546106386,99.260318209891,59.18909235840677,99.2405807323057,59.6268599924058,98.37965065050618,59.613809467904346,98.41026398859272,59.17626253944019
skycell.2418.088,7.315317181878741,98.0328392847245,59.38788830949424,98.47509956394916,59.17743695577042,98.44531490804486,59.61500408011952,97.58538002290098,59.59675003141568,97.62600329784976,59.15949135396178
skycell.2418.089,6.91440118907658,97.2441243230903,59.36879211057928,97.69075368385978,59.16105562802619,97.650955781809,59.59834117883401,96.79234421430596,59.574899514071134,96.84293130147438,59.138009625923
skycell.2418.094,8.904413470912974,101.1999245333938,59.82117513751114,101.62795339473912,59.60026933547057,101.63869822903987,60.03797378794248,100.76643379983555,60.04062557857712,100.76686382644574,59.602876180810455
skycell.2418.095,8.502053249048084,100.39937596766384,59.82117304165236,100.83257825490668,59.60287631815592,100.8330011589276,60.040625718290826,99.96073684871848,60.03797026649769,99.9714888010934,59.60026587370621
skycell.2418.096,8.09972013990297,99.59898378369898,59.81631094511646,100.03719055776476,59.600664117538706,100.02729103624064,60.0383753760908,99.15537167555992,60.03041504218102,99.17643296824058,59.59283866458582
skycell.2418.097,7.697454962312548,98.799060109574,59.806593131894495,99.24209675629716,59.593634666931095,99.22188639776516,60.03122476162711,98.35065599964614,60.01796661628886,98.38200201438016,59.58060103958399
skycell.2418.098,7.295298745967983,97.99991597806336,59.79202815558101,98.44760262464251,59.581794105620695,98.4171050562635,60.01918022672539,97.54690600385943,60.00063603010502,97.58850018535388,59.56356367104659
skycell.2418.099,6.893292779096752,97.20186060375556,59.77262881438164,97.6540125541438,59.56515276111415,97.61326334978288,60.00225245595822,96.74443559360654,59.97843862295387,96.79622959119348,59.541741386743674
skycell.2462.000,8.283765215592956,67.61249361434916,60.12669964099606,68.01876740782146,59.89559991313725,68.07356426738266,60.33278081372492,67.20043028317298,60.356644358072096,67.15732415984283,59.91903395835623
skycell.2462.001,8.68312881372302,66.81115740572547,60.14611773283168,67.22351721332915,59.917433660185345,67.26752319766186,60.3550147098203,66.39299890900709,60.373597144865734,66.36073896124927,59.93568125481301
skycell.2462.002,9.082639018541052,66.00871910817858,60.16069606624556,66.42702183808908,59.93447981675663,66.4601853716516,60.37237364897575,65.58461545337232,60.38565849681697,65.56323962182536,59.947525071991755
skycell.2462.010,8.282991546411182,67.65831175586251,60.53102430291734,68.06935762631235,60.299629483516775,68.12555001813175,60.736963856523,67.2413271137265,60.76123242982066,67.19712103645763,60.323460150315334
skycell.2462.011,8.68245379544398,66.84685003967331,60.550771711605925,67.2641448743601,60.32183274880788,67.30927362435179,60.75957510269682,66.42360656211163,60.778473320673626,66.39052227839795,60.34038955154352
skycell.2462.012,9.082061099643354,66.03424379650872,60.56559754516601,66.45763937492826,60.33916774422079,66.49165024848863,60.77722902180093,65.60489697643321,60.790739836368495,65.58297438806235,60.35243425064639
skycell.2462.020,8.301867083962389,67.70530543176864,60.93547441732566,68.12123556704768,60.703802577545986,68.17887739370428,61.1412458796335,67.28328151792718,61.16592752936557,67.2379328873782,60.72803762517269
skycell.2462.021,8.700519973265537,66.88345991707264,60.95555764606713,67.30580855933032,60.72638258916293,67.35210354985986,61.16424197242293,66.45500684856516,61.1834622676746,66.42106624320527,60.745254667941694
skycell.2462.022,9.09939339658604,66.06042523219683,60.970635880776165,66.48903878633674,60.74401209107485,66.52392987368593,61.18219675057699,65.62570425653064,61.195938046761995,65.60321366758131,60.75750420066128
skycell.2462.030,8.340274128847929,67.75352040442293,61.340008903208954,68.17445094190575,61.108078033902366,68.23359891302707,61.54558559910895,67.32633500891488,61.570688655024405,67.27979899975122,61.13272548737756
skycell.2462.031,8.73722608250196,66.92102282460027,61.36043468115693,67.34854836286807,61.13104226746043,67.39605534002946,61.56897429794255,66.4872309423868,61.58852318657663,66.45240035425613,61.150235898978984
skycell.2462.032,9.134548287238626,66.08728908126606,61.37577038896612,66.52125038995503,61.14897213849221,66.5570562865372,61.58723602135294,65.64705800018254,61.60121247364982,65.62397705222101,61.16269435343118
skycell.2462.040,8.397952548707384,67.80300483915977,61.744586585330545,68.22905605017732,61.51241457705011,68.28976986722485,61.94994164009792,67.37053129877953,61.9754747305317,67.32276071252312,61.53748274236728
skycell.2462.041,8.792346153744449,66.95957643342346,61.7653618806124,67.39240647308601,61.535770769852945,67.44117360428521,61.9737309824941,66.52031167299253,61.99361521525304,66.48455565444785,61.55529245155345
skycell.2462.042,9.187328331911973,66.11486236416302,61.780960314303705,66.55430609033868,61.55400707877947,66.59106322737547,61.992305956491165,65.66898001540548,62.00652240828677,65.64528516125742,61.56796406013101
skycell.2462.050,8.474508926245806,67.85380946387188,62.14916621627432,68.2851059487994,61.91677083878712,68.34744850461738,62.35427255823901,67.41591644593618,62.380244627551754,67.36686155200009,61.94226831914598
skycell.2462.051,8.865536788240941,66.99916042478331,62.17029824990135,67.43742730985569,61.94052700494337,67.48750534595504,62.37847087604594,66.55428363648035,62.39869745206472,66.51756483332416,61.96038346781461
skycell.2462.060,8.569429766999532,67.90598774145755,62.55370649836462,68.34265863618212,62.321105379653225,68.40669623070045,62.758536860854974,67.46253901449904,62.784957188078955,67.41214737828652,62.347041092804226
skycell.2462.061,8.95634773916044,67.03981662574687,62.575202759102446,67.48365767417508,62.34526982622786,67.53510012482728,62.78315279761356,66.58918331600843,62.80372897913389,66.5514623376504,62.36546804848745
skycell.2462.070,8.682097775705257,67.95959605636062,62.95816610540741,68.40177525090854,62.7253767101425,68.46757782454377,63.16269302788706,67.51045024680857,63.18957124667513,67.45866654363327,62.75175990693052
skycell.2462.071,9.064235067526608,67.08158915610059,62.980034365682464,67.53114690967887,62.7499580544245,67.58401023311791,63.18773555740693,66.62504921214547,63.20866888552529,66.58628449101408,62.77050527615192
skycell.2462.080,8.811810072290946,68.0146939165631,63.362503704196776,68.4625202867282,63.1295433116615,68.5301616731966,63.56669953250882,67.55970425039312,63.594045652491545,67.50647006383889,63.15638359586397
skycell.2462.081,9.18857602649005,67.12452458746593,63.384752037122965,67.57994707745868,63.15455049963678,67.6342908861555,63.59217797875532,66.66192198416911,63.613476290288986,66.62206962332166,63.17545423843347
skycell.2462.090,8.957797211375887,68.07134417254244,63.76667797572976,68.5249618254215,63.5335636571717,68.59452002586917,63.97051486135447,67.61035820079313,63.99833929102165,67.5556118039758,63.560871006735994
skycell.2463.000,4.33239847089577,75.61249361434916,60.12669964099606,76.01876740782146,59.89559991313725,76.07356426738266,60.33278081372492,75.20043028317298,60.356644358072096,75.15732415984283,59.91903395835623
skycell.2463.001,4.726082161015139,74.81115740572547,60.14611773283168,75.22351721332915,59.917433660185345,75.26752319766186,60.3550147098203,74.39299890900709,60.373597144865734,74.36073896124927,59.93568125481301
skycell.2463.002,5.120797126576342,74.00871910817858,60.16069606624556,74.42702183808908,59.93447981675663,74.4601853716516,60.37237364897575,73.58461545337232,60.38565849681697,73.56323962182536,59.947525071991755
skycell.2463.003,5.516313121198588,73.20549176224527,60.17042181727971,73.62958680696187,59.94672354143909,73.65186889533823,60.38484223955711,72.7756005106313,60.392817695265975,72.76513399198306,59.95455507520237
skycell.2463.004,5.9124505624414505,72.40179026400959,60.1752864158744,72.83151982113415,59.95415415209786,72.84289420339793,60.39240940260584,71.96627618263607,60.39506836929675,71.96673133078671,59.95676512203765
skycell.2463.005,6.309064860572757,71.59793062721785,60.17528557105519,72.03313004978921,59.95676515684809,72.0335833014905,60.395068404747136,71.15696531109373,60.39240851471216,71.16834158859409,59.954153280230194
skycell.2463.006,6.706036215501604,70.79422923881714,60.170419283567504,71.23472741326964,59.95455427292519,71.22425899919865,60.39281687824154,70.34799070551435,60.38484050001064,70.37027468567993,59.94672183327634
skycell.2463.007,7.103262787892258,69.99100211229461,60.16069184587453,70.43662186187575,59.94752343332823,70.41524413816798,60.38565682804514,69.53967437135134,60.37237105932357,69.5728397910347,59.934477273790385
skycell.2463.008,7.5006560167493825,69.18856414321762,60.146111829518134,69.63912265448944,59.93567878119421,69.60686082005526,60.373594625830776,68.73233674294207,60.35501127236139,68.77634460552828,59.91743028463228
skycell.2463.009,7.898137339756035,68.38722837135161,60.12669205992754,68.84253764121623,59.9190306519388,68.79942963889518,60.35664099101071,67.92629592580344,60.33277653150337,67.98109465358274,59.89559570793285
skycell.2463.010,4.421778115127251,75.65831175586251,60.53102430291734,76.06935762631235,60.299629483516775,76.12555001813175,60.736963856523,75.2413271137265,60.76123242982066,75.19712103645763,60.323460150315334
skycell.2463.011,4.808227353244822,74.84685003967331,60.550771711605925,75.2641448743601,60.32183274880788,75.30927362435179,60.75957510269682,74.42360656211163,60.778473320673626,74.39052227839795,60.34038955154352
skycell.2463.012,5.196789054752021,74.03424379650872,60.56559754516601,74.45763937492826,60.33916774422079,74.49165024848863,60.77722902180093,73.60489697643321,60.790739836368495,73.58297438806235,60.35243425064639
skycell.2463.013,5.587013722562857,73.22081807179967,60.57548853799601,73.65015825628589,60.35161912076349,73.67301024372252,60.78990968964904,72.78553136102468,60.798020886552976,72.77479696928245,60.3595835587238
skycell.2463.014,5.978557104898262,72.40689988719411,60.580435824395074,72.8420209634015,60.35917583023318,72.85368644424143,60.79760564315065,71.96584432653566,60.80030987908934,71.96631112560046,60.36183112257107
skycell.2463.015,6.371148798376857,71.59281745480533,60.58043496521352,72.0335485041217,60.36183115797248,72.03401335819176,60.800309915143366,71.14617127203243,60.79760474014174,71.15783869659148,60.35917494356635
skycell.2463.016,6.764571373703797,70.77889938427731,60.57548596122261,71.2250626860633,60.35958274282834,71.21432635040611,60.79802005561941,70.32684756227025,60.789907920503175,70.34970148980001,60.351617383619555
skycell.2463.017,7.158646162472162,69.96547388744733,60.565593253112056,70.41688534874018,60.35243258417946,70.39496081988533,60.79073813920006,69.50820770517555,60.777226388118834,69.54222051286739,60.339165158142485
skycell.2463.018,7.553223370020095,69.15286798541297,60.55076570811584,69.60933759550029,60.340387035985245,69.57625137707085,60.77847075880614,68.69058453457528,60.75957160685714,68.73571521042501,60.32182931608785
skycell.2463.019,7.948175063921091,68.34140672278373,60.53101659335713,68.80273902984902,60.32345678789622,68.75853102594672,60.76122900556825,67.87430840314971,60.73695950167506,67.93050271027496,60.29962520719068
skycell.2463.020,4.545590443499777,75.70530543176864,60.93547441732566,76.12123556704768,60.703802577545986,76.17887739370428,61.1412458796335,75.28328151792718,61.16592752936557,75.2379328873782,60.72803762517269
skycell.2463.021,4.92240616787165,74.88345991707264,60.95555764606713,75.30580855933032,60.72638258916293,75.35210354985986,61.16424197242293,74.45500684856516,61.1834622676746,74.42106624320527,60.745254667941694
skycell.2463.022,5.3026852258695385,74.06042523219683,60.970635880776165,74.48903878633674,60.74401209107485,74.52392987368593,61.18219675057699,73.62570425653064,61.195938046761995,73.60321366758131,60.75750420066128
skycell.2463.023,5.685724124083225,73.23653904798472,60.98069539396885,73.67125557318572,60.75667520368812,73.69469960058791,61.19509373278502,72.79571980409557,61.20334338737667,72.78470712295345,60.76477516410442
skycell.2463.024,6.070982143228908,72.41214114170165,60.985727010721654,72.85279071306724,60.76436049607903,72.86475861140069,61.202921054046165,71.96540126654926,61.205671465898405,71.96588016969065,60.76706098465912
skycell.2463.025,6.458035218306792,71.58757255964586,60.98572613689238,72.03397766438313,60.76706102066316,72.03445457209618,61.20567150256809,71.13509726003467,61.20292013561935,71.1470671524538,60.764359594321334
skycell.2463.026,6.846544406993902,70.76317477190427,60.98069277327925,71.21515073773975,60.76477433432223,71.20413606230586,61.20334254225544,70.30515636410063,61.19509193344776,70.32860238177226,60.75667343699243
skycell.2463.027,7.236233924829114,69.93928882448077,60.97063151561814,70.3966442777328,60.757502505843455,70.37415169810274,61.19593632062898,69.4759262444846,61.1821940719862,69.51081931582908,60.74400946103742
skycell.2463.028,7.626875574413177,69.11625449405417,60.955551540419165,69.57879184452426,60.7452521096197,69.54484925455418,61.183459662119475,68.64775278163641,61.164238417040565,68.69404974745514,60.72637909815573
skycell.2463.029,8.018277526508083,68.29440945059245,60.9354665767404,68.76192540021367,60.72803420565425,68.71657479355967,61.16592404678363,67.82097921042838,61.14124145071894,67.87862300127169,60.70379822870948
skycell.2463.030,4.7011352681992,75.75352040442293,61.340008903208954,76.17445094190575,61.108078033902366,76.23359891302707,61.54558559910895,75.32633500891488,61.570688655024405,75.27979899975122,61.13272548737756
skycell.2463.031,5.066471468421128,74.92102282460027,61.36043468115693,75.34854836286807,61.13104226746043,75.39605534002946,61.56897429794255,74.4872309423868,61.58852318657663,74.45240035425613,61.150235898978984
skycell.2463.032,5.436755416122386,74.08728908126606,61.37577038896612,74.52125038995503,61.14897213849221,74.5570562865372,61.58723602135294,73.64705800018254,61.60121247364982,73.62397705222101,61.16269435343118
skycell.2463.033,5.81103292158851,73.25267013172528,61.38600181576302,73.69289917689319,61.161851212352275,73.71695854678468,61.600353704783146,72.80617599326803,61.608744629798565,72.79487405930912,61.17008940405974
skycell.2463.034,6.188561428712619,72.41751918033547,61.39111946296586,72.86383950886827,61.16966765770631,72.87612173809832,61.6083150624184,71.96494656094382,61.61111258900819,71.965438045134,61.17241424663577
skycell.2463.035,6.568753936567982,71.58219078535785,61.39111857419348,72.03441794675545,61.1724142832545,72.03490738309634,61.61111262630608,71.1237322400414,61.608314128260275,71.13601651570664,61.169666740555954
skycell.2463.036,6.951139330174214,70.74703995720932,61.38599915027219,71.20498196024786,61.170088560113086,71.19367797963672,61.60874377020125,70.28289552833061,61.6003518746416,70.30695694063806,61.161849415514546
skycell.2463.037,7.3353339642756445,69.91242125383727,61.37576594923328,70.37587905528706,61.16269262969612,70.35279606447638,61.601210717964086,69.44279794817935,61.58723329694367,69.4786058805702,61.14896946361931
skycell.2463.038,7.721021046536475,69.07868787897323,61.36042847130073,69.54745590126572,61.15023329704067,69.51262327667891,61.58852053644864,68.60379911650317,61.56897068181477,68.65130812030571,61.13103871700736
skycell.2463.039,8.107935490702639,68.24619078898841,61.34000092897741,68.72005746347658,61.13272200962446,68.67351942681265,61.57068511293433,67.76625582696761,61.54558109463721,67.82540581304099,61.10807361111926
skycell.2463.040,4.885387962962919,75.80300483915977,61.744586585330545,76.22905605017732,61.51241457705011,76.28976986722485,61.94994164009792,75.37053129877953,61.9754747305317,75.32276071252312,61.53748274236728
skycell.2463.041,5.2379628716150375,74.95957643342346,61.7653618806124,75.39240647308601,61.535770769852945,75.44117360428521,61.9737309824941,74.52031167299253,61.99361521525304,74.48455565444785,61.55529245155345
skycell.2463.042,5.596980052724341,74.11486236416302,61.780960314303705,74.55430609033868,61.55400707877947,74.59106322737547,61.992305956491165,73.66898001540548,62.00652240828677,73.64528516125742,61.56796406013101
skycell.2463.043,5.9612674220726145,73.26922757993637,61.791367169265314,73.71511055734321,61.567106488142095,73.73980981103512,62.00564888649112,72.8169106226518,62.01418399652161,72.80530788895156,61.57548571577519
skycell.2463.044,6.329897514257814,72.42303942839656,61.796572607900394,72.87517833749733,61.57505674738768,72.88778744505805,62.0137470457468,71.96447974445547,62.0165926599333,71.96498431206095,61.57785037278342
skycell.2463.045,6.702127823283544,71.57666670287273,61.796571703878875,72.0348697892754,61.57785041002931,72.03537225451743,62.01659269787239,71.11206458939478,62.01374609553263,71.12467579782856,61.57505581453214
skycell.2463.046,7.0773569071281655,70.73047867952585,61.79136445805663,71.19454624115626,61.57548485737652,71.18294140635419,62.014183122149355,70.26004232431642,62.00564702491016,70.2847436746455,61.56710466055116
skycell.2463.047,7.455091908755344,69.8848441513498,61.78095579847272,70.35456906030863,61.56796230689229,70.3308721090668,62.006520622439,69.40878907402613,61.99230318532079,69.44554830073727,61.55400435816395
skycell.2463.048,7.83492434653889,69.04013046532937,61.76535556442464,69.51529872102756,61.55528980511607,69.47954061212624,61.99361251963502,68.55867892787894,61.973727304374904,68.60744813909263,61.53576715875468
skycell.2463.049,8.21651191847637,68.19670256902553,61.7445784747386,68.67709387891728,61.53747920520432,68.6293212117412,61.97547112771256,67.71008295980678,61.94993705852513,67.77079884455405,61.51241007883407
skycell.2463.050,5.095227402393459,75.85380946387188,62.14916621627432,76.2851059487994,61.91677083878712,76.34744850461738,62.35427255823901,75.41591644593618,62.380244627551754,75.36686155200009,61.94226831914598
skycell.2463.051,5.434277288464441,74.99916042478331,62.17029824990135,75.43742730985569,61.94052700494337,75.48750534595504,62.37847087604594,74.55428363648035,62.39869745206472,74.51756483332416,61.96038346781461
skycell.2463.052,5.7811781402763955,74.14317354625311,62.186164853648414,74.58823948409285,61.95907603864721,74.62598625190162,62.39736563793041,73.6914932859241,62.41182711143568,73.66715970963062,61.97327261557826
skycell.2463.053,6.1345902043873455,73.28622852013777,62.19675077975633,73.7379123462636,61.972400315516225,73.76327734725614,62.41093852765174,72.82793496351572,62.41962084514496,72.81601926030098,61.980923485090166
skycell.2463.054,6.49343323398889,72.42870760193792,62.20204583526112,72.88681877003266,61.98048714576341,72.89976798013329,62.41917635609907,71.96400032670176,62.422071066783765,71.96451850719616,61.98332877761883
skycell.2463.055,6.856829223418987,71.57099459216806,62.20204491567325,72.03533365328806,61.98332881550483,72.03584967469872,62.422071105377505,71.10008205820296,62.41917538949207,71.11303342581543,61.980486196878914
skycell.2463.056,7.22405837789708,70.71347380738163,62.19674802187954,71.18383293011813,61.98092261194147,71.17191506915023,62.41961995568779,70.23657279611639,62.41093663397281,70.26193995015349,61.97239845653886
skycell.2463.057,7.594525329152576,69.85652904773464,62.18616026014035,70.33269257594279,61.9732708322283,70.30835684612327,62.41182529479392,69.37386406432175,62.39736281902156,69.41161297783238,61.95907327134917
skycell.2463.058,7.967733176059015,69.0005425680138,62.17029182518149,69.48228761237135,61.9603807759637,69.4455666627938,62.398694710005685,68.51234521046452,62.378467134643614,68.56242538208022,61.940523331957614
skycell.2463.059,8.343263466357113,68.14589405901013,62.14915796650959,68.63299111836292,61.94226472135577,68.58393408795604,62.380240962737766,67.6524023586943,62.35426789796495,67.71474703704564,61.916766263598774
skycell.2463.060,5.327611406347022,75.90598774145755,62.55370649836462,76.34265863618212,62.321105379653225,76.40669623070045,62.758536860854974,75.46253901449904,62.784957188078955,75.41214737828652,62.347041092804226
skycell.2463.061,5.652810544018403,75.03981662574687,62.575202759102446,75.48365767417508,62.34526982622786,75.53510012482728,62.78315279761356,74.58918331600843,62.80372897913389,74.5514623376504,62.36546804848745
skycell.2463.062,5.987119868579986,74.17225263566581,62.591343179763534,74.6230859734715,62.36413810247535,74.66186285485186,62.8023741303963,73.71462205146007,62.81708583727107,73.6896235816797,62.37857928213683
skycell.2463.063,6.329088125258263,73.30369100951374,62.602111956016415,73.76132839400283,62.37769194587048,73.78738641821487,62.816181870763984,72.83926090375377,62.82501453244499,72.82701939583558,62.386362070749115
skycell.2463.064,6.677522002617596,72.43452972750616,62.60749852210164,72.89877300131303,62.38591820607259,72.91207626118734,62.82456234439061,71.9635077904631,62.8275071986652,71.96404014228055,62.388808850253554
skycell.2463.065,7.031435612519824,71.56516842251223,62.60749758661835,72.03581002501805,62.38880888879307,72.0363401587047,62.82750723792755,71.08777172645284,62.82456136104119,71.10107720279893,62.385917240823346
skycell.2463.066,7.390009706569375,70.69600727942577,62.602109150485866,71.17283080262487,62.38636118254138,71.16058707798018,62.8250136275813,70.21246167882845,62.8161799443036,70.23852191479756,62.37769005485006
skycell.2463.067,7.752559103367943,69.82744593073265,62.59133850694057,70.31022671583301,62.37857746804563,70.28522603378742,62.81708398917957,69.3379854222194,62.80237126273478,69.376764507608,62.36413528752038
skycell.2463.068,8.118506807929297,68.95988235588447,62.57519622356815,69.44838812653589,62.36546531027482,69.41066494341034,62.803726189646966,68.46474840239455,62.783148991587915,68.51619304630762,62.345266090066715
skycell.2463.069,8.487363480893332,68.09371179204143,62.55369810651068,68.58770331974314,62.347037433124754,68.53730948926275,62.784953459956824,67.59315261609989,62.75853212021967,67.65719239018196,62.32110072589705
skycell.2463.070,5.579693334515118,75.95959605636062,62.95816610540741,76.40177525090854,62.7253767101425,76.46757782454377,63.16269302788706,75.51045024680857,63.18957124667513,75.45866654363327,62.75175990693052
skycell.2463.071,5.891061543029877,75.08158915610059,62.980034365682464,75.53114690967887,62.7499580544245,75.58401023311791,63.18773555740693,74.62504921214547,63.20866888552529,74.58628449101408,62.77050527615192
skycell.2463.072,6.212615815482822,74.20213128919625,62.996454464884216,74.65888288924619,62.76915233552971,74.69873260390722,63.20729050451383,73.73839189468967,63.222257857241146,73.71270091091154,62.78384331362239
skycell.2463.073,6.542846961837638,73.32163409884636,63.00741001442755,73.78538385264416,62.78294062140043,73.81216368613153,63.221338174898605,72.85090099063459,63.230324438645134,72.83832013130181,62.791760828681646
skycell.2463.074,6.880489500731773,72.44051216351363,63.01289005716403,72.91105389253939,62.79130927841166,72.9247259225397,63.22986438463082,71.96300158982156,63.23286047007728,71.96354870236419,62.7942499787925
skycell.2463.075,7.224480263767847,71.55918183107745,63.012889105443655,72.0362994172697,62.79425001799945,72.03684425017862,63.23286051002273,71.07511995755587,63.22986338417602,71.08879426543766,62.79130829644921
skycell.2463.076,7.573923108803857,70.67806004048099,63.007407160219834,71.16152802078886,62.791759925094226,71.14894488330567,63.23032351804079,70.18768230797949,63.22133621494697,70.21446441436876,62.78293869765562
skycell.2463.077,7.928059465512707,69.79756313919313,62.99644971104621,70.28714734434516,62.78384146813614,70.26145408712846,63.22225597701878,69.30111357781144,63.207287587046466,69.34096555719111,62.76914947190673
skycell.2463.078,8.28624405940227,68.91810570485897,62.98002771696468,69.41356393782989,62.77050249059375,69.37479695117806,63.20866604758566,68.4158362092629,63.187731685366465,68.46870178607195,62.74995425375187
skycell.2463.079,8.647925049964606,68.0400993794576,62.958157568437606,68.54118212873597,62.75175618405253,68.48939617112747,63.18956745388123,67.53226895080967,63.162688205167306,67.59807376335411,62.72537197616358
skycell.2463.080,5.84888653763876,76.0146939165631,63.362503704196776,76.4625202867282,63.1295433116615,76.5301616731966,63.56669953250882,75.55970425039312,63.594045652491545,75.50647006383889,63.15638359586397
skycell.2463.081,6.1466994987319925,75.12452458746593,63.384752037122965,75.57994707745868,63.15455049963678,75.6342908861555,63.59217797875532,74.66192198416911,63.613476290288986,74.62206962332166,63.17545423843347
skycell.2463.082,6.455580626223031,74.23284292704695,63.40145790419921,74.69566962373902,63.17407780708429,74.73663728484694,63.61207385977594,73.762829835525,63.62730248384745,73.73641716638784,63.1890239791694
skycell.2463.083,6.774008718689583,73.34007790179659,63.41260430303189,73.810105266014,63.1881055989225,73.83763731091145,63.626366739427674,72.86286847715665,63.63550999163685,72.84993395818258,63.1970791362749
skycell.2463.084,7.1006837463840355,72.44666162340052,63.41817986522819,72.92367501741643,63.19661973398368,72.93773136533083,63.6350418981192,71.96248114814243,63.63809034527422,71.9630436439572,63.199611574734256
skycell.2463.085,7.434495236909914,71.55302809976166,63.41817889691571,72.03680237126838,63.19961161462311,72.03736252335258,63.63809038591787,71.06211234797519,63.635040880181606,71.07617103776803,63.19661873494609
skycell.2463.086,7.774493581046286,70.65961197224603,63.412601399083734,71.14991209086755,63.19707821697471,71.13697522973074,63.635509054944535,70.16220652128519,63.626364745246995,70.18974090279788,63.18810364174568
skycell.2463.087,8.119864868804175,69.76684724831676,63.40145306757972,70.26342899017297,63.18902210160913,70.23701398385337,63.627300570786296,69.26320674296848,63.61207089140813,69.30417673204292,63.17407489374337
skycell.2463.088,8.469909297206915,68.87516603878316,63.384745272760874,69.37777671412759,63.17545140450816,69.33792202446622,63.613473402831566,68.3655534134302,63.59217403925406,68.41989953810116,63.154546633065465
skycell.2463.089,8.824022899868375,67.984997308829,63.36249501896772,68.49337652735895,63.156379808428035,68.4401400237072,63.59404179360891,67.46968297351359,63.56669462591434,67.53732666067766,63.129538495741976
skycell.2463.090,6.13288913271841,76.07134417254244,63.76667797572976,76.5249618254215,63.5335636571717,76.59452002586917,63.97051486135447,75.61035820079313,63.99833929102165,75.5556118039758,63.560871006735994
skycell.2463.091,6.417600041988771,75.16867211583869,63.789314773346675,75.6301131454877,63.55900598329847,75.68600042923781,63.99643891975475,74.69984460339974,64.0181103653187,74.65885821115941,63.58027405105882
skycell.2463.092,6.714073227060036,74.26442285728278,63.80631273920237,74.7334877750132,63.57887361340329,74.7756210590621,64.01668334732128,73.78796443344828,64.03217909430113,73.76079924637885,63.59408058701889
skycell.2463.093,7.020811686954438,73.3590436700641,63.817654225508576,73.83552066726028,63.59314617361196,73.86383705676614,64.03122692762648,72.87517737237009,64.04053069111437,72.86187406974368,63.60227641659969
skycell.2463.094,7.336512709468749,72.4529852007642,63.823327431403314,72.93665071218136,63.60180898929948,72.9511078121952,64.04005437755234,71.96194585588292,64.04315636255066,71.96252439302474,63.60485309733576
skycell.2463.095,7.660045485806727,71.54670013004157,63.82332644612958,72.03731945865712,63.60485313792154,72.0378955852296,64.04315640390816,71.04873367254325,64.04005334173935,71.06319318116712,63.60180797281063
skycell.2463.096,7.990429165085129,70.64064181811905,63.81765127071437,71.13796981720834,63.60227548124056,71.12466410567114,64.04052973797282,70.13600455202,64.03122489844925,70.16432334456857,63.593144182267714
skycell.2463.097,8.326812474359551,69.73526294518332,63.80630781796483,70.2390447526759,63.594078676678976,70.2118771619638,64.03217714766473,69.22422075381627,64.01668032691455,69.26635643176023,63.57887064925335
skycell.2463.098,8.668455422824094,68.83101415687592,63.78930789078194,69.3409859765,63.58027116770472,69.29999718946839,64.01810742723566,68.31384166715856,63.99643491128895,68.36973133212129,63.55900204938712
skycell.2463.099,9.014713236969937,67.92834272498492,63.766669138974095,68.44423264823538,63.560867153329625,68.38948386901738,63.99833536457666,67.40532243261555,63.97050986902388,67.47488299812126,63.53355875752694
skycell.2464.000,1.2632493046458457,83.61249361434916,60.12669964099606,84.01876740782146,59.89559991313725,84.07356426738266,60.33278081372492,83.20043028317298,60.356644358072096,83.15732415984283,59.91903395835623
skycell.2464.001,1.3717589279652194,82.81115740572547,60.14611773283168,83.22351721332915,59.917433660185345,83.26752319766186,60.3550147098203,82.39299890900709,60.373597144865734,82.36073896124927,59.93568125481301
skycell.2464.002,1.5770325401224725,82.00871910817858,60.16069606624556,82.42702183808908,59.93447981675663,82.4601853716516,60.37237364897575,81.58461545337232,60.38565849681697,81.56323962182536,59.947525071991755
skycell.2464.003,1.8471456123031786,81.20549176224527,60.17042181727971,81.62958680696187,59.94672354143909,81.65186889533823,60.38484223955711,80.7756005106313,60.392817695265975,80.76513399198306,59.95455507520237
skycell.2464.004,2.157907554108822,80.40179026400959,60.1752864158744,80.83151982113415,59.95415415209786,80.84289420339793,60.39240940260584,79.96627618263607,60.39506836929675,79.96673133078671,59.95676512203765
skycell.2464.005,2.4941648080686702,79.59793062721785,60.17528557105519,80.03313004978921,59.95676515684809,80.0335833014905,60.395068404747136,79.15696531109373,60.39240851471216,79.16834158859409,59.954153280230194
skycell.2464.006,2.846870879018911,78.79422923881714,60.170419283567504,79.23472741326964,59.95455427292519,79.22425899919865,60.39281687824154,78.34799070551435,60.38484050001064,78.37027468567993,59.94672183327634
skycell.2464.007,3.2105662098943863,77.99100211229461,60.16069184587453,78.43662186187575,59.94752343332823,78.41524413816798,60.38565682804514,77.53967437135134,60.37237105932357,77.5728397910347,59.934477273790385
skycell.2464.008,3.581848950120141,77.18856414321762,60.146111829518134,77.63912265448944,59.93567878119421,77.60686082005526,60.373594625830776,76.73233674294207,60.35501127236139,76.77634460552828,59.91743028463228
skycell.2464.009,3.9585184822599118,76.38722837135161,60.12669205992754,76.84253764121623,59.9190306519388,76.79942963889518,60.35664099101071,75.92629592580344,60.33277653150337,75.98109465358274,59.89559570793285
skycell.2464.010,1.6657563282206858,83.65831175586251,60.53102430291734,84.06935762631235,60.299629483516775,84.12555001813175,60.736963856523,83.2413271137265,60.76123242982066,83.19712103645763,60.323460150315334
skycell.2464.011,1.7494902483234744,82.84685003967331,60.550771711605925,83.2641448743601,60.32183274880788,83.30927362435179,60.75957510269682,82.42360656211163,60.778473320673626,82.39052227839795,60.34038955154352
skycell.2464.012,1.9147226867228244,82.03424379650872,60.56559754516601,82.45763937492826,60.33916774422079,82.49165024848863,60.77722902180093,81.60489697643321,60.790739836368495,81.58297438806235,60.35243425064639
skycell.2464.013,2.142733228560894,81.22081807179967,60.57548853799601,81.65015825628589,60.35161912076349,81.67301024372252,60.78990968964904,80.78553136102468,60.798020886552976,80.77479696928245,60.3595835587238
skycell.2464.014,2.4158313213168627,80.40689988719411,60.580435824395074,80.8420209634015,60.35917583023318,80.85368644424143,60.79760564315065,79.96584432653566,60.80030987908934,79.96631112560046,60.36183112257107
skycell.2464.015,2.720467047834508,79.59281745480533,60.58043496521352,80.0335485041217,60.36183115797248,80.03401335819176,60.800309915143366,79.14617127203243,60.79760474014174,79.15783869659148,60.35917494356635
skycell.2464.016,3.047171342785922,78.77889938427731,60.57548596122261,79.2250626860633,60.35958274282834,79.21432635040611,60.79802005561941,78.32684756227025,60.789907920503175,78.34970148980001,60.351617383619555
skycell.2464.017,3.3895280970611226,77.96547388744733,60.565593253112056,78.41688534874018,60.35243258417946,78.39496081988533,60.79073813920006,77.50820770517555,60.777226388118834,77.54222051286739,60.339165158142485
skycell.2464.018,3.7431914613618025,77.15286798541297,60.55076570811584,77.60933759550029,60.340387035985245,77.57625137707085,60.77847075880614,76.69058453457528,60.75957160685714,76.73571521042501,60.32182931608785
skycell.2464.019,4.105176347745323,76.34140672278373,60.53101659335713,76.80273902984902,60.32345678789622,76.75853102594672,60.76122900556825,75.87430840314971,60.73695950167506,75.93050271027496,60.29962520719068
skycell.2464.020,2.069362052931141,83.70530543176864,60.93547441732566,84.12123556704768,60.703802577545986,84.17887739370428,61.1412458796335,83.28328151792718,61.16592752936557,83.2379328873782,60.72803762517269
skycell.2464.021,2.1373810792884056,82.88345991707264,60.95555764606713,83.30580855933032,60.72638258916293,83.35210354985986,61.16424197242293,82.45500684856516,61.1834622676746,82.42106624320527,60.745254667941694
skycell.2464.022,2.274655647424219,82.06042523219683,60.970635880776165,82.48903878633674,60.74401209107485,82.52392987368593,61.18219675057699,81.62570425653064,61.195938046761995,81.60321366758131,60.75750420066128
skycell.2464.023,2.4697088345801173,81.23653904798472,60.98069539396885,81.67125557318572,60.75667520368812,81.69469960058791,61.19509373278502,80.79571980409557,61.20334338737667,80.78470712295345,60.76477516410442
skycell.2464.024,2.7101115885423988,80.41214114170165,60.985727010721654,80.85279071306724,60.76436049607903,80.86475861140069,61.202921054046165,79.96540126654926,61.205671465898405,79.96588016969065,60.76706098465912
skycell.2464.025,2.9849220601278446,79.58757255964586,60.98572613689238,80.03397766438313,60.76706102066316,80.03445457209618,61.20567150256809,79.13509726003467,61.20292013561935,79.1470671524538,60.764359594321334
skycell.2464.026,3.2854944580015597,78.76317477190427,60.98069277327925,79.21515073773975,60.76477433432223,79.20413606230586,61.20334254225544,78.30515636410063,61.19509193344776,78.32860238177226,60.75667343699243
skycell.2464.027,3.6053529794538948,77.93928882448077,60.97063151561814,78.3966442777328,60.757502505843455,78.37415169810274,61.19593632062898,77.4759262444846,61.1821940719862,77.51081931582908,60.74400946103742
skycell.2464.028,3.9397521611920827,77.11625449405417,60.955551540419165,77.57879184452426,60.7452521096197,77.54484925455418,61.183459662119475,76.64775278163641,61.164238417040565,76.69404974745514,60.72637909815573
skycell.2464.029,4.285228044575094,76.29440945059245,60.9354665767404,76.76192540021367,60.72803420565425,76.71657479355967,61.16592404678363,75.82097921042838,61.14124145071894,75.87862300127169,60.70379822870948
skycell.2464.030,2.4735580068032723,83.75352040442293,61.340008903208954,84.17445094190575,61.108078033902366,84.23359891302707,61.54558559910895,83.32633500891488,61.570688655024405,83.27979899975122,61.13272548737756
skycell.2464.031,2.530792933534799,82.92102282460027,61.36043468115693,83.34854836286807,61.13104226746043,83.39605534002946,61.56897429794255,82.4872309423868,61.58852318657663,82.45240035425613,61.150235898978984
skycell.2464.032,2.647803396918327,82.08728908126606,61.37577038896612,82.52125038995503,61.14897213849221,82.5570562865372,61.58723602135294,81.64705800018254,61.60121247364982,81.62397705222101,61.16269435343118
skycell.2464.033,2.817190126731965,81.25267013172528,61.38600181576302,81.69289917689319,61.161851212352275,81.71695854678468,61.600353704783146,80.80617599326803,61.608744629798565,80.79487405930912,61.17008940405974
skycell.2464.034,3.030198295126983,80.41751918033547,61.39111946296586,80.86383950886827,61.16966765770631,80.87612173809832,61.6083150624184,79.96494656094382,61.61111258900819,79.965438045134,61.17241424663577
skycell.2464.035,3.278331799195951,79.58219078535785,61.39111857419348,80.03441794675545,61.1724142832545,80.03490738309634,61.61111262630608,79.1237322400414,61.608314128260275,79.13601651570664,61.169666740555954
skycell.2464.036,3.5542201155920377,78.74703995720932,61.38599915027219,79.20498196024786,61.170088560113086,79.19367797963672,61.60874377020125,78.28289552833061,61.6003518746416,78.30695694063806,61.161849415514546
skycell.2464.037,3.8518681492625446,77.91242125383727,61.37576594923328,78.37587905528706,61.16269262969612,78.35279606447638,61.601210717964086,77.44279794817935,61.58723329694367,77.4786058805702,61.14896946361931
skycell.2464.038,4.166567010374318,77.07868787897323,61.36042847130073,77.54745590126572,61.15023329704067,77.51262327667891,61.58852053644864,76.60379911650317,61.56897068181477,76.65130812030571,61.13103871700736
skycell.2464.039,4.494678221529064,76.24619078898841,61.34000092897741,76.72005746347658,61.13272200962446,76.67351942681265,61.57068511293433,75.76625582696761,61.54558109463721,75.82540581304099,61.10807361111926
skycell.2464.040,2.878097881366064,83.80300483915977,61.744586585330545,84.22905605017732,61.51241457705011,84.28976986722485,61.94994164009792,83.37053129877953,61.9754747305317,83.32276071252312,61.53748274236728
skycell.2464.041,2.9275031522955324,82.95957643342346,61.7653618806124,83.39240647308601,61.535770769852945,83.44117360428521,61.9737309824941,82.52031167299253,61.99361521525304,82.48455565444785,61.55529245155345
skycell.2464.042,3.029288715349319,82.11486236416302,61.780960314303705,82.55430609033868,61.55400707877947,82.59106322737547,61.992305956491165,81.66898001540548,62.00652240828677,81.64528516125742,61.56796406013101
skycell.2464.043,3.1784610637033883,81.26922757993637,61.791367169265314,81.71511055734321,61.567106488142095,81.73980981103512,62.00564888649112,80.8169106226518,62.01418399652161,80.80530788895156,61.57548571577519
skycell.2464.044,3.3687453425370992,80.42303942839656,61.796572607900394,80.87517833749733,61.57505674738768,80.88778744505805,62.0137470457468,79.96447974445547,62.0165926599333,79.96498431206095,61.57785037278342
skycell.2464.045,3.5936128728942873,79.57666670287273,61.796571703878875,80.0348697892754,61.57785041002931,80.03537225451743,62.01659269787239,79.11206458939478,62.01374609553263,79.12467579782856,61.57505581453214
skycell.2464.046,3.8469841381085885,78.73047867952585,61.79136445805663,79.19454624115626,61.57548485737652,79.18294140635419,62.014183122149355,78.26004232431642,62.00564702491016,78.2847436746455,61.56710466055116
skycell.2464.047,4.1235747069114215,77.8848441513498,61.78095579847272,78.35456906030863,61.56796230689229,78.3308721090668,62.006520622439,77.40878907402613,61.99230318532079,77.44554830073727,61.55400435816395
skycell.2464.048,4.418981339533305,77.04013046532937,61.76535556442464,77.51529872102756,61.55528980511607,77.47954061212624,61.99361251963502,76.55867892787894,61.973727304374904,76.60744813909263,61.53576715875468
skycell.2464.049,4.729624139319636,76.19670256902553,61.7445784747386,76.67709387891728,61.53747920520432,76.6293212117412,61.97547112771256,75.71008295980678,61.94993705852513,75.77079884455405,61.51241007883407
skycell.2464.050,3.2828365680387224,83.85380946387188,62.14916621627432,84.2851059487994,61.91677083878712,84.34744850461738,62.35427255823901,83.41591644593618,62.380244627551754,83.36686155200009,61.94226831914598
skycell.2464.051,3.3263140784999736,82.99916042478331,62.17029824990135,83.43742730985569,61.94052700494337,83.48750534595504,62.37847087604594,82.55428363648035,62.39869745206472,82.51756483332416,61.96038346781461
skycell.2464.052,3.4163024024915325,82.14317354625311,62.186164853648414,82.58823948409285,61.95907603864721,82.62598625190162,62.39736563793041,81.6914932859241,62.41182711143568,81.66715970963062,61.97327261557826
skycell.2464.053,3.549296713137609,81.28622852013777,62.19675077975633,81.7379123462636,61.972400315516225,81.76327734725614,62.41093852765174,80.82793496351572,62.41962084514496,80.81601926030098,61.980923485090166
skycell.2464.054,3.7207011508070282,80.42870760193792,62.20204583526112,80.88681877003266,61.98048714576341,80.89976798013329,62.41917635609907,79.96400032670176,62.422071066783765,79.96451850719616,61.98332877761883
skycell.2464.055,3.9254838861383727,79.57099459216806,62.20204491567325,80.03533365328806,61.98332881550483,80.03584967469872,62.422071105377505,79.10008205820296,62.41917538949207,79.11303342581543,61.980486196878914
skycell.2464.056,4.158698656611213,78.71347380738163,62.19674802187954,79.18383293011813,61.98092261194147,79.17191506915023,62.41961995568779,78.23657279611639,62.41093663397281,78.26193995015349,61.97239845653886
skycell.2464.057,4.415811603826714,77.85652904773464,62.18616026014035,78.33269257594279,61.9732708322283,78.30835684612327,62.41182529479392,77.37386406432175,62.39736281902156,77.41161297783238,61.95907327134917
skycell.2464.058,4.692853605157889,77.0005425680138,62.17029182518149,77.48228761237135,61.9603807759637,77.4455666627938,62.398694710005685,76.51234521046452,62.378467134643614,76.56242538208022,61.940523331957614
skycell.2464.059,4.986451391244575,76.14589405901013,62.14915796650959,76.63299111836292,61.94226472135577,76.58393408795604,62.380240962737766,75.6524023586943,62.35426789796495,75.71474703704564,61.916766263598774
skycell.2464.060,3.6876747766216034,83.90598774145755,62.55370649836462,84.34265863618212,62.321105379653225,84.40669623070045,62.758536860854974,83.46253901449904,62.784957188078955,83.41214737828652,62.347041092804226
skycell.2464.061,3.726517830139366,83.03981662574687,62.575202759102446,83.48365767417508,62.34526982622786,83.53510012482728,62.78315279761356,82.58918331600843,62.80372897913389,82.5514623376504,62.36546804848745
skycell.2464.062,3.8071260811709267,82.17225263566581,62.591343179763534,82.6230859734715,62.36413810247535,82.66186285485186,62.8023741303963,81.71462205146007,62.81708583727107,81.6896235816797,62.37857928213683
skycell.2464.063,3.9269565321541706,81.30369100951374,62.602111956016415,81.76132839400283,62.37769194587048,81.78738641821487,62.816181870763984,80.83926090375377,62.82501453244499,80.82701939583558,62.386362070749115
skycell.2464.064,4.082568722887126,80.43452972750616,62.60749852210164,80.89877300131303,62.38591820607259,80.91207626118734,62.82456234439061,79.9635077904631,62.8275071986652,79.96404014228055,62.388808850253554
skycell.2464.065,4.2700492019661285,79.56516842251223,62.60749758661835,80.03581002501805,62.38880888879307,80.0363401587047,62.82750723792755,79.08777172645284,62.82456136104119,79.10107720279893,62.385917240823346
skycell.2464.066,4.485386640833849,78.69600727942577,62.602109150485866,79.17283080262487,62.38636118254138,79.16058707798018,62.8250136275813,78.21246167882845,62.8161799443036,78.23852191479756,62.37769005485006
skycell.2464.067,4.724744389681088,77.82744593073265,62.59133850694057,78.31022671583301,62.37857746804563,78.28522603378742,62.81708398917957,77.3379854222194,62.80237126273478,77.376764507608,62.36413528752038
skycell.2464.068,4.984623093299807,76.95988235588447,62.57519622356815,77.44838812653589,62.36546531027482,77.41066494341034,62.803726189646966,76.46474840239455,62.783148991587915,76.51619304630762,62.345266090066715
skycell.2464.069,5.261933239755464,76.09371179204143,62.55369810651068,76.58770331974314,62.347037433124754,76.53730948926275,62.784953459956824,75.59315261609989,62.75853212021967,75.65719239018196,62.32110072589705
skycell.2464.070,4.092536438952301,83.95959605636062,62.95816610540741,84.40177525090854,62.7253767101425,84.46757782454377,63.16269302788706,83.51045024680857,63.18957124667513,83.45866654363327,62.75175990693052
skycell.2464.071,4.127663132613507,83.08158915610059,62.980034365682464,83.53114690967887,62.7499580544245,83.58401023311791,63.18773555740693,82.62504921214547,63.20866888552529,82.58628449101408,62.77050527615192
skycell.2464.072,4.20065107657438,82.20213128919625,62.996454464884216,82.65888288924619,62.76915233552971,82.69873260390722,63.20729050451383,81.73839189468967,63.222257857241146,81.71270091091154,62.78384331362239
skycell.2464.073,4.309602604647347,81.32163409884636,63.00741001442755,81.78538385264416,62.78294062140043,81.81216368613153,63.221338174898605,80.85090099063459,63.230324438645134,80.83832013130181,62.791760828681646
skycell.2464.074,4.4518888813130095,80.44051216351363,63.01289005716403,80.91105389253939,62.79130927841166,80.9247259225397,63.22986438463082,79.96300158982156,63.23286047007728,79.96354870236419,62.7942499787925
skycell.2464.075,4.624430912254136,79.55918183107745,63.012889105443655,80.0362994172697,62.79425001799945,80.03684425017862,63.23286051002273,79.07511995755587,63.22986338417602,79.08879426543766,62.79130829644921
skycell.2464.076,4.823967438304605,78.67806004048099,63.007407160219834,79.16152802078886,62.791759925094226,79.14894488330567,63.23032351804079,78.18768230797949,63.22133621494697,78.21446441436876,62.78293869765562
skycell.2464.077,5.047270473148425,77.79756313919313,62.99644971104621,78.28714734434516,62.78384146813614,78.26145408712846,63.22225597701878,77.30111357781144,63.207287587046466,77.34096555719111,62.76914947190673
skycell.2464.078,5.291293990160315,76.91810570485897,62.98002771696468,77.41356393782989,62.77050249059375,77.37479695117806,63.20866604758566,76.4158362092629,63.187731685366465,76.46870178607195,62.74995425375187
skycell.2464.079,5.553259879267804,76.0400993794576,62.958157568437606,76.54118212873597,62.75175618405253,76.48939617112747,63.18956745388123,75.53226895080967,63.162688205167306,75.59807376335411,62.72537197616358
skycell.2464.080,4.497358302851642,84.0146939165631,63.362503704196776,84.4625202867282,63.1295433116615,84.5301616731966,63.56669953250882,83.55970425039312,63.594045652491545,83.50647006383889,63.15638359586397
skycell.2464.081,4.5294432799841315,83.12452458746593,63.384752037122965,83.57994707745868,63.15455049963678,83.6342908861555,63.59217797875532,82.66192198416911,63.613476290288986,82.62206962332166,63.17545423843347
skycell.2464.082,4.596127819637671,82.23284292704695,63.40145790419921,82.69566962373902,63.17407780708429,82.73663728484694,63.61207385977594,81.762829835525,63.62730248384745,81.73641716638784,63.1890239791694
skycell.2464.083,4.695961607475263,81.34007790179659,63.41260430303189,81.810105266014,63.1881055989225,81.83763731091145,63.626366739427674,80.86286847715665,63.63550999163685,80.84993395818258,63.1970791362749
skycell.2464.084,4.8268981673671325,80.44666162340052,63.41817986522819,80.92367501741643,63.19661973398368,80.93773136533083,63.6350418981192,79.96248114814243,63.63809034527422,79.9630436439572,63.199611574734256
skycell.2464.085,4.986485147716279,79.55302809976166,63.41817889691571,80.03680237126838,63.19961161462311,80.03736252335258,63.63809038591787,79.06211234797519,63.635040880181606,79.07617103776803,63.19661873494609
skycell.2464.086,5.1720563950703164,78.65961197224603,63.412601399083734,79.14991209086755,63.19707821697471,79.13697522973074,63.635509054944535,78.16220652128519,63.626364745246995,78.18974090279788,63.18810364174568
skycell.2464.087,5.380898493338594,77.76684724831676,63.40145306757972,78.26342899017297,63.18902210160913,78.23701398385337,63.627300570786296,77.26320674296848,63.61207089140813,77.30417673204292,63.17407489374337
skycell.2464.088,5.6103775969922305,76.87516603878316,63.384745272760874,77.37777671412759,63.17545140450816,77.33792202446622,63.613473402831566,76.3655534134302,63.59217403925406,76.41989953810116,63.154546633065465
skycell.2464.089,5.858024165985204,75.984997308829,63.36249501896772,76.49337652735895,63.156379808428035,76.4401400237072,63.59404179360891,75.46968297351359,63.56669462591434,75.53732666067766,63.129538495741976
skycell.2464.090,4.902084685597568,84.07134417254244,63.76667797572976,84.5249618254215,63.5335636571717,84.59452002586917,63.97051486135447,83.61035820079313,63.99833929102165,83.5556118039758,63.560871006735994
skycell.2464.091,4.931637919343483,83.16867211583869,63.789314773346675,83.6301131454877,63.55900598329847,83.68600042923781,63.99643891975475,82.69984460339974,64.0181103653187,82.65885821115941,63.58027405105882
skycell.2464.092,4.993028142032992,82.26442285728278,63.80631273920237,82.7334877750132,63.57887361340329,82.7756210590621,64.01668334732128,81.78796443344828,64.03217909430113,81.76079924637885,63.59408058701889
skycell.2464.093,5.085124034413271,81.3590436700641,63.817654225508576,81.83552066726028,63.59314617361196,81.86383705676614,64.03122692762648,80.87517737237009,64.04053069111437,80.86187406974368,63.60227641659969
skycell.2464.094,5.206305562815949,80.4529852007642,63.823327431403314,80.93665071218136,63.60180898929948,80.9511078121952,64.04005437755234,79.96194585588292,64.04315636255066,79.96252439302474,63.60485309733576
skycell.2464.095,5.354595701183703,79.54670013004157,63.82332644612958,80.03731945865712,63.60485313792154,80.0378955852296,64.04315640390816,79.04873367254325,64.04005334173935,79.06319318116712,63.60180797281063
skycell.2464.096,5.527799410001604,78.64064181811905,63.81765127071437,79.13796981720834,63.60227548124056,79.12466410567114,64.04052973797282,78.13600455202,64.03122489844925,78.16432334456857,63.593144182267714
skycell.2464.097,5.723631223124545,77.73526294518332,63.80630781796483,78.2390447526759,63.594078676678976,78.2118771619638,64.03217714766473,77.22422075381627,64.01668032691455,77.26635643176023,63.57887064925335
skycell.2464.098,5.9398197411506874,76.83101415687592,63.78930789078194,77.3409859765,63.58027116770472,77.29999718946839,64.01810742723566,76.31384166715856,63.99643491128895,76.36973133212129,63.55900204938712
skycell.2464.099,6.1741845243044855,75.92834272498492,63.766669138974095,76.44423264823538,63.560867153329625,76.38948386901738,63.99833536457666,75.40532243261555,63.97050986902388,75.47488299812126,63.53355875752694
skycell.2465.000,4.165099027806731,91.61249361434916,60.12669964099606,92.01876740782146,59.89559991313725,92.07356426738266,60.33278081372492,91.20043028317298,60.356644358072096,91.15732415984284,59.91903395835623
skycell.2465.001,3.7856229395892314,90.81115740572548,60.14611773283168,91.22351721332916,59.917433660185345,91.26752319766186,60.3550147098203,90.39299890900708,60.373597144865734,90.36073896124928,59.93568125481301
skycell.2465.002,3.410585480286281,90.00871910817858,60.16069606624556,90.42702183808908,59.93447981675663,90.4601853716516,60.37237364897575,89.58461545337232,60.38565849681697,89.56323962182536,59.947525071991755
skycell.2465.003,3.0417180462154985,89.20549176224527,60.17042181727971,89.62958680696187,59.94672354143909,89.65186889533823,60.38484223955711,88.7756005106313,60.392817695265975,88.76513399198306,59.95455507520237
skycell.2465.004,2.6816459938948722,88.40179026400959,60.1752864158744,88.83151982113415,59.95415415209786,88.84289420339793,60.39240940260584,87.96627618263607,60.39506836929675,87.96673133078671,59.95676512203765
skycell.2465.005,2.3345057228874193,87.59793062721785,60.17528557105519,88.03313004978921,59.95676515684809,88.0335833014905,60.395068404747136,87.15696531109373,60.39240851471216,87.16834158859409,59.954153280230194
skycell.2465.006,2.00706089164139,86.79422923881714,60.170419283567504,87.23472741326964,59.95455427292519,87.22425899919865,60.39281687824154,86.34799070551435,60.38484050001064,86.37027468567993,59.94672183327634
skycell.2465.007,1.7106722753103505,85.99100211229461,60.16069184587453,86.43662186187575,59.94752343332823,86.41524413816798,60.38565682804514,85.53967437135134,60.37237105932357,85.5728397910347,59.934477273790385
skycell.2465.008,1.464293745155576,85.18856414321762,60.146111829518134,85.63912265448944,59.93567878119421,85.60686082005526,60.373594625830776,84.73233674294207,60.35501127236139,84.77634460552828,59.91743028463228
skycell.2465.009,1.2966724019947222,84.38722837135161,60.12669205992754,84.84253764121623,59.9190306519388,84.79942963889518,60.35664099101071,83.92629592580344,60.33277653150337,83.98109465358274,59.89559570793285
skycell.2465.010,4.303487571917987,91.65831175586251,60.53102430291734,92.06935762631235,60.299629483516775,92.12555001813176,60.736963856523,91.2413271137265,60.76123242982066,91.19712103645765,60.323460150315334
skycell.2465.011,3.9372688685943507,90.84685003967331,60.550771711605925,91.2641448743601,60.32183274880788,91.3092736243518,60.75957510269682,90.42360656211164,60.778473320673626,90.39052227839797,60.34038955154352
skycell.2465.012,3.5780605418727145,90.03424379650872,60.56559754516601,90.45763937492826,60.33916774422079,90.49165024848864,60.77722902180093,89.60489697643321,60.790739836368495,89.58297438806235,60.35243425064639
skycell.2465.013,3.2282876081923773,89.22081807179967,60.57548853799601,89.65015825628589,60.35161912076349,89.67301024372252,60.78990968964904,88.78553136102468,60.798020886552976,88.77479696928245,60.3595835587238
skycell.2465.014,2.8914486833568662,88.40689988719411,60.580435824395074,88.8420209634015,60.35917583023318,88.85368644424143,60.79760564315065,87.96584432653566,60.80030987908934,87.96631112560046,60.36183112257107
skycell.2465.015,2.572686383839599,87.59281745480533,60.58043496521352,88.0335485041217,60.36183115797248,88.03401335819176,60.800309915143366,87.14617127203243,60.79760474014174,87.15783869659148,60.35917494356635
skycell.2465.016,2.279633692881662,86.77889938427731,60.57548596122261,87.2250626860633,60.35958274282834,87.21432635040611,60.79802005561941,86.32684756227025,60.789907920503175,86.34970148980001,60.351617383619555
skycell.2465.017,2.023502951235423,85.96547388744733,60.565593253112056,86.41688534874018,60.35243258417946,86.39496081988533,60.79073813920006,85.50820770517555,60.777226388118834,85.54222051286739,60.339165158142485
skycell.2465.018,1.819928296990419,85.15286798541297,60.55076570811584,85.60933759550029,60.340387035985245,85.57625137707085,60.77847075880614,84.69058453457528,60.75957160685714,84.73571521042501,60.32182931608785
skycell.2465.019,1.6879722603848082,84.34140672278373,60.53101659335713,84.80273902984902,60.32345678789622,84.75853102594672,60.76122900556825,83.87430840314971,60.73695950167506,83.93050271027496,60.29962520719068
skycell.2465.020,4.474371709412962,91.70530543176864,60.93547441732566,92.12123556704768,60.703802577545986,92.17887739370428,61.1412458796335,91.28328151792718,61.16592752936557,91.2379328873782,60.72803762517269
skycell.2465.021,4.123287611202155,90.88345991707264,60.95555764606713,91.30580855933032,60.72638258916293,91.35210354985986,61.16424197242293,90.45500684856516,61.1834622676746,90.42106624320527,60.745254667941694
skycell.2465.022,3.7817186828973077,90.06042523219683,60.970635880776165,90.48903878633674,60.74401209107485,90.52392987368592,61.18219675057699,89.62570425653064,61.195938046761995,89.60321366758131,60.75750420066128
skycell.2465.023,3.452568781107297,89.23653904798472,60.98069539396885,89.67125557318572,60.75667520368812,89.69469960058791,61.19509373278502,88.79571980409557,61.20334338737667,88.78470712295345,60.76477516410442
skycell.2465.024,3.139812787402858,88.41214114170165,60.985727010721654,88.85279071306724,60.76436049607903,88.86475861140069,61.202921054046165,87.96540126654926,61.205671465898405,87.96588016969065,60.76706098465912
skycell.2465.025,2.8489068035730503,87.58757255964586,60.98572613689238,88.03397766438313,60.76706102066316,88.03445457209618,61.20567150256809,87.13509726003467,61.20292013561935,87.1470671524538,60.764359594321334
skycell.2465.026,2.587264552319268,86.76317477190427,60.98069277327925,87.21515073773975,60.76477433432223,87.20413606230586,61.20334254225544,86.30515636410063,61.19509193344776,86.32860238177226,60.75667343699243
skycell.2465.027,2.36462959453158,85.93928882448077,60.97063151561814,86.3966442777328,60.757502505843455,86.37415169810274,61.19593632062898,85.4759262444846,61.1821940719862,85.51081931582908,60.74400946103742
skycell.2465.028,2.1928967698538533,85.11625449405417,60.955551540419165,85.57879184452426,60.7452521096197,85.54484925455418,61.183459662119475,84.64775278163641,61.164238417040565,84.69404974745514,60.72637909815573
skycell.2465.029,2.0846350525469535,84.29440945059245,60.9354665767404,84.76192540021367,60.72803420565425,84.71657479355967,61.16592404678363,83.82097921042838,61.14124145071894,83.87862300127169,60.70379822870948
skycell.2465.030,4.674204290945026,91.75352040442291,61.340008903208954,92.17445094190576,61.108078033902366,92.23359891302708,61.54558559910895,91.32633500891488,61.570688655024405,91.27979899975122,61.13272548737756
skycell.2465.031,4.339277615877872,90.92102282460029,61.36043468115693,91.34854836286809,61.13104226746043,91.39605534002946,61.56897429794255,90.4872309423868,61.58852318657663,90.45240035425611,61.150235898978984
skycell.2465.032,4.016077178994848,90.08728908126606,61.37577038896612,90.52125038995504,61.14897213849221,90.5570562865372,61.58723602135294,89.64705800018254,61.60121247364982,89.62397705222101,61.16269435343118
skycell.2465.033,3.7077439957757337,89.25267013172528,61.38600181576302,89.69289917689319,61.161851212352275,89.71695854678468,61.600353704783146,88.80617599326803,61.608744629798565,88.79487405930912,61.17008940405974
skycell.2465.034,3.418364798685846,88.41751918033547,61.39111946296586,88.86383950886827,61.16966765770631,88.87612173809832,61.6083150624184,87.96494656094382,61.61111258900819,87.965438045134,61.17241424663577
skycell.2465.035,3.1532090663352244,87.58219078535785,61.39111857419348,88.03441794675545,61.1724142832545,88.03490738309634,61.61111262630608,87.1237322400414,61.608314128260275,87.13601651570664,61.169666740555954
skycell.2465.036,2.9189148572451327,86.74703995720932,61.38599915027219,87.20498196024786,61.170088560113086,87.19367797963672,61.60874377020125,86.28289552833061,61.6003518746416,86.30695694063806,61.161849415514546
skycell.2465.037,2.7234670266544145,85.91242125383727,61.37576594923328,86.37587905528706,61.16269262969612,86.35279606447638,61.601210717964086,85.44279794817935,61.58723329694367,85.4786058805702,61.14896946361931
skycell.2465.038,2.5757084544311533,85.07868787897323,61.36042847130073,85.54745590126572,61.15023329704067,85.51262327667891,61.58852053644864,84.60379911650317,61.56897068181477,84.65130812030571,61.13103871700736
skycell.2465.039,2.4841224192074063,84.24619078898841,61.34000092897741,84.72005746347658,61.13272200962446,84.67351942681265,61.57068511293433,83.76625582696761,61.54558109463721,83.82540581304099,61.10807361111926
skycell.2465.040,4.899445874815113,91.80300483915975,61.744586585330545,92.22905605017732,61.51241457705011,92.28976986722483,61.94994164009792,91.37053129877953,61.9754747305317,91.32276071252312,61.53748274236728
skycell.2465.041,4.581003031329006,90.95957643342346,61.7653618806124,91.392406473086,61.535770769852945,91.4411736042852,61.9737309824941,90.52031167299252,61.99361521525304,90.48455565444785,61.55529245155345
skycell.2465.042,4.276092920640468,90.11486236416302,61.780960314303705,90.55430609033868,61.55400707877947,90.59106322737549,61.992305956491165,89.66898001540548,62.00652240828677,89.64528516125742,61.56796406013101
skycell.2465.043,3.9878889607979677,89.26922757993637,61.791367169265314,89.71511055734321,61.567106488142095,89.73980981103512,62.00564888649112,88.8169106226518,62.01418399652161,88.80530788895156,61.57548571577519
skycell.2465.044,3.7203320689656203,88.42303942839656,61.796572607900394,88.87517833749733,61.57505674738768,88.88778744505805,62.0137470457468,87.96447974445547,62.0165926599333,87.96498431206095,61.57785037278342
skycell.2465.045,3.478232622585337,87.57666670287273,61.796571703878875,88.0348697892754,61.57785041002931,88.03537225451743,62.01659269787239,87.11206458939478,62.01374609553263,87.12467579782856,61.57505581453214
skycell.2465.046,3.2672806263380596,86.73047867952585,61.79136445805663,87.19454624115626,61.57548485737652,87.18294140635419,62.014183122149355,86.26004232431642,62.00564702491016,86.2847436746455,61.56710466055116
skycell.2465.047,3.0938612557970577,85.8848441513498,61.78095579847272,86.35456906030863,61.56796230689229,86.3308721090668,62.006520622439,85.40878907402613,61.99230318532079,85.44554830073727,61.55400435816395
skycell.2465.048,2.9645551257309513,85.04013046532937,61.76535556442464,85.51529872102756,61.55528980511607,85.47954061212624,61.99361251963502,84.55867892787894,61.973727304374904,84.60744813909263,61.53576715875468
skycell.2465.049,2.885263883583472,84.19670256902553,61.7445784747386,84.67709387891728,61.53747920520432,84.6293212117412,61.97547112771256,83.71008295980678,61.94993705852513,83.77079884455405,61.51241007883407
skycell.2465.050,5.146750154875958,91.85380946387188,62.14916621627432,92.2851059487994,61.91677083878712,92.34744850461738,62.35427255823901,91.41591644593618,62.380244627551754,91.36686155200007,61.94226831914598
skycell.2465.051,4.8446010161035025,90.99916042478333,62.17029824990135,91.43742730985568,61.94052700494337,91.48750534595504,62.37847087604594,90.55428363648036,62.39869745206472,90.51756483332416,61.96038346781461
skycell.2465.052,4.55736362138767,90.14317354625312,62.186164853648414,90.58823948409284,61.95907603864721,90.62598625190162,62.39736563793041,89.6914932859241,62.41182711143568,89.66715970963062,61.97327261557826
skycell.2465.053,4.288098929829834,89.28622852013777,62.19675077975633,89.7379123462636,61.972400315516225,89.76327734725614,62.41093852765174,88.82793496351572,62.41962084514496,88.81601926030098,61.980923485090166
skycell.2465.054,4.040453636384993,88.42870760193792,62.20204583526112,88.88681877003266,61.98048714576341,88.89976798013329,62.41917635609907,87.96400032670176,62.422071066783765,87.96451850719616,61.98332877761883
skycell.2465.055,3.8186747893515807,87.57099459216806,62.20204491567325,88.03533365328806,61.98332881550483,88.03584967469872,62.422071105377505,87.10008205820296,62.41917538949207,87.11303342581543,61.980486196878914
skycell.2465.056,3.62753319144373,86.71347380738163,62.19674802187954,87.18383293011813,61.98092261194147,87.17191506915023,62.41961995568779,86.23657279611639,62.41093663397281,86.26193995015349,61.97239845653886
skycell.2465.057,3.4720988757141202,85.85652904773464,62.18616026014035,86.33269257594279,61.9732708322283,86.30835684612327,62.41182529479392,85.37386406432175,62.39736281902156,85.41161297783238,61.95907327134917
skycell.2465.058,3.357323110030713,85.0005425680138,62.17029182518149,85.48228761237135,61.9603807759637,85.4455666627938,62.398694710005685,84.51234521046452,62.378467134643614,84.56242538208022,61.940523331957614
skycell.2465.059,3.2874362171920044,84.14589405901013,62.14915796650959,84.63299111836292,61.94226472135577,84.58393408795604,62.380240962737766,83.6524023586943,62.35426789796495,83.71474703704564,61.916766263598774
skycell.2465.060,5.413071108526462,91.90598774145757,62.55370649836462,92.34265863618212,62.321105379653225,92.40669623070043,62.758536860854974,91.46253901449904,62.784957188078955,91.41214737828652,62.347041092804226
skycell.2465.061,5.126674564526229,91.03981662574688,62.575202759102446,91.48365767417508,62.34526982622786,91.53510012482728,62.78315279761356,90.58918331600844,62.80372897913389,90.5514623376504,62.36546804848745
skycell.2465.062,4.856171801029212,90.1722526356658,62.591343179763534,90.6230859734715,62.36413810247535,90.66186285485186,62.8023741303963,89.71462205146007,62.81708583727107,89.6896235816797,62.37857928213683
skycell.2465.063,4.604423834029488,89.30369100951374,62.602111956016415,89.76132839400283,62.37769194587048,89.78738641821487,62.816181870763984,88.83926090375377,62.82501453244499,88.82701939583558,62.386362070749115
skycell.2465.064,4.374717552110506,88.43452972750616,62.60749852210164,88.89877300131303,62.38591820607259,88.91207626118734,62.82456234439061,87.9635077904631,62.8275071986652,87.96404014228055,62.388808850253554
skycell.2465.065,4.170731767489654,87.56516842251223,62.60749758661835,88.03581002501805,62.38880888879307,88.0363401587047,62.82750723792755,87.08777172645284,62.82456136104119,87.10107720279893,62.385917240823346
skycell.2465.066,3.9964281870478535,86.69600727942577,62.602109150485866,87.17283080262487,62.38636118254138,87.16058707798018,62.8250136275813,86.21246167882845,62.8161799443036,86.23852191479756,62.37769005485006
skycell.2465.067,3.855840162656226,85.82744593073265,62.59133850694057,86.31022671583301,62.37857746804563,86.28522603378742,62.81708398917957,85.3379854222194,62.80237126273478,85.376764507608,62.36413528752038
skycell.2465.068,3.7527482730427626,84.95988235588447,62.57519622356815,85.44838812653589,62.36546531027482,85.41066494341034,62.803726189646966,84.46474840239455,62.783148991587915,84.51619304630762,62.345266090066715
skycell.2465.069,3.6902687443584585,84.09371179204143,62.55369810651068,84.58770331974314,62.347037433124754,84.53730948926275,62.784953459956824,83.59315261609989,62.75853212021967,83.65719239018196,62.32110072589705
skycell.2465.070,5.6957084669953755,91.95959605636062,62.95816610540741,92.40177525090854,62.7253767101425,92.46757782454377,63.16269302788706,91.51045024680856,63.18957124667513,91.45866654363329,62.75175990693052
skycell.2465.071,5.424307132417416,91.0815891561006,62.980034365682464,91.53114690967888,62.7499580544245,91.58401023311792,63.18773555740693,90.62504921214548,63.20866888552529,90.58628449101408,62.77050527615192
skycell.2465.072,5.169440443363176,90.20213128919625,62.996454464884216,90.6588828892462,62.76915233552971,90.69873260390722,63.20729050451383,89.73839189468967,63.222257857241146,89.71270091091154,62.78384331362239
skycell.2465.073,4.933726500337999,89.32163409884636,63.00741001442755,89.78538385264416,62.78294062140043,89.81216368613153,63.221338174898605,88.85090099063459,63.230324438645134,88.83832013130181,62.791760828681646
skycell.2465.074,4.720079921434624,88.44051216351363,63.01289005716403,88.91105389253939,62.79130927841166,88.9247259225397,63.22986438463082,87.96300158982156,63.23286047007728,87.96354870236419,62.7942499787925
skycell.2465.075,4.531655406857737,87.55918183107745,63.012889105443655,88.0362994172697,62.79425001799945,88.03684425017862,63.23286051002273,87.07511995755587,63.22986338417602,87.08879426543766,62.79130829644921
skycell.2465.076,4.3717348875765465,86.67806004048099,63.007407160219834,87.16152802078886,62.791759925094226,87.14894488330567,63.23032351804079,86.18768230797949,63.22133621494697,86.21446441436876,62.78293869765562
skycell.2465.077,4.243547515461443,85.79756313919313,62.99644971104621,86.28714734434516,62.78384146813614,86.26145408712846,63.22225597701878,85.30111357781144,63.207287587046466,85.34096555719111,62.76914947190673
skycell.2465.078,4.150025357632049,84.91810570485897,62.98002771696468,85.41356393782989,62.77050249059375,85.37479695117806,63.20866604758566,84.4158362092629,63.187731685366465,84.46870178607195,62.74995425375187
skycell.2465.079,4.093520180647498,84.0400993794576,62.958157568437606,84.54118212873597,62.75175618405253,84.48939617112747,63.18956745388123,83.53226895080967,63.162688205167306,83.59807376335411,62.72537197616358
skycell.2465.080,5.992311295739826,92.0146939165631,63.362503704196776,92.4625202867282,63.1295433116615,92.5301616731966,63.56669953250882,91.55970425039312,63.594045652491545,91.50647006383888,63.15638359586397
skycell.2465.081,5.7350322704998,91.12452458746591,63.384752037122965,91.57994707745868,63.15455049963678,91.6342908861555,63.59217797875532,90.66192198416913,63.613476290288986,90.62206962332166,63.17545423843347
skycell.2465.082,5.494650264614789,90.23284292704696,63.40145790419921,90.69566962373902,63.17407780708429,90.73663728484694,63.61207385977594,89.762829835525,63.62730248384745,89.73641716638784,63.1890239791694
skycell.2465.083,5.2735278332303315,89.34007790179659,63.41260430303189,89.810105266014,63.1881055989225,89.83763731091145,63.626366739427674,88.86286847715665,63.63550999163685,88.84993395818258,63.1970791362749
skycell.2465.084,5.074224696937785,88.44666162340052,63.41817986522819,88.92367501741643,63.19661973398368,88.93773136533083,63.6350418981192,87.96248114814243,63.63809034527422,87.9630436439572,63.199611574734256
skycell.2465.085,4.899434372483314,87.55302809976166,63.41817889691571,88.03680237126838,63.19961161462311,88.03736252335258,63.63809038591787,87.06211234797519,63.635040880181606,87.07617103776803,63.19661873494609
skycell.2465.086,4.7518805154148795,86.65961197224603,63.412601399083734,87.14991209086755,63.19707821697471,87.13697522973074,63.635509054944535,86.16220652128519,63.626364745246995,86.18974090279788,63.18810364174568
skycell.2465.087,4.634170433113342,85.76684724831676,63.40145306757972,86.26342899017297,63.18902210160913,86.23701398385337,63.627300570786296,85.26320674296848,63.61207089140813,85.30417673204292,63.17407489374337
skycell.2465.088,4.548612960388277,84.87516603878316,63.384745272760874,85.37777671412759,63.17545140450816,85.33792202446622,63.613473402831566,84.3655534134302,63.59217403925406,84.41989953810116,63.154546633065465
skycell.2465.089,4.497021038003996,83.984997308829,63.36249501896772,84.49337652735895,63.156379808428035,84.4401400237072,63.59404179360891,83.46968297351359,63.56669462591434,83.53732666067766,63.129538495741976
skycell.2465.090,6.300856824439775,92.07134417254244,63.76667797572976,92.5249618254215,63.5335636571717,92.59452002586916,63.97051486135447,91.61035820079312,63.99833929102165,91.5556118039758,63.560871006735994
skycell.2465.091,6.056782326780465,91.16867211583867,63.789314773346675,91.6301131454877,63.55900598329847,91.6860004292378,63.99643891975475,90.69984460339974,64.0181103653187,90.6588582111594,63.58027405105882
skycell.2465.092,5.8297481522083086,90.26442285728278,63.80631273920237,90.7334877750132,63.57887361340329,90.7756210590621,64.01668334732128,89.78796443344828,64.03217909430113,89.76079924637885,63.59408058701889
skycell.2465.093,5.621867334531039,89.3590436700641,63.817654225508576,89.83552066726028,63.59314617361196,89.86383705676614,64.03122692762648,88.87517737237009,64.04053069111437,88.86187406974368,63.60227641659969
skycell.2465.094,5.435376394656913,88.4529852007642,63.823327431403314,88.93665071218136,63.60180898929948,88.9511078121952,64.04005437755234,87.96194585588292,64.04315636255066,87.96252439302474,63.60485309733576
skycell.2465.095,5.272573398673096,87.54670013004157,63.82332644612958,88.03731945865712,63.60485313792154,88.0378955852296,64.04315640390816,87.04873367254325,64.04005334173935,87.06319318116712,63.60180797281063
skycell.2465.096,5.135728117957661,86.64064181811905,63.81765127071437,87.13796981720834,63.60227548124056,87.12466410567114,64.04052973797282,86.13600455202,64.03122489844925,86.16432334456857,63.593144182267714
skycell.2465.097,5.026965422942648,85.73526294518332,63.80630781796483,86.2390447526759,63.594078676678976,86.2118771619638,64.03217714766473,85.22422075381627,64.01668032691455,85.26635643176023,63.57887064925335
skycell.2465.098,4.948129530882436,84.83101415687592,63.78930789078194,85.3409859765,63.58027116770472,85.29999718946839,64.01810742723566,84.31384166715856,63.99643491128895,84.36973133212129,63.55900204938712
skycell.2465.099,4.900644259845594,83.92834272498492,63.766669138974095,84.44423264823538,63.560867153329625,84.38948386901738,63.99833536457666,83.40532243261555,63.97050986902388,83.47488299812126,63.53355875752694
skycell.2466.000,8.111605422941658,99.61249361434916,60.12669964099606,100.01876740782146,59.89559991313725,100.07356426738266,60.33278081372492,99.20043028317298,60.356644358072096,99.15732415984284,59.91903395835623
skycell.2466.001,7.713824714256168,98.81115740572548,60.14611773283168,99.22351721332916,59.917433660185345,99.26752319766186,60.3550147098203,98.39299890900708,60.373597144865734,98.36073896124928,59.93568125481301
skycell.2466.002,7.316093086954623,98.00871910817858,60.16069606624556,98.42702183808908,59.93447981675663,98.4601853716516,60.37237364897575,97.58461545337232,60.38565849681697,97.56323962182536,59.947525071991755
skycell.2466.003,6.918481197607898,97.20549176224527,60.17042181727971,97.62958680696188,59.94672354143909,97.65186889533824,60.38484223955711,96.7756005106313,60.392817695265975,96.76513399198306,59.95455507520237
skycell.2466.004,6.52106747358026,96.4017902640096,60.1752864158744,96.83151982113417,59.95415415209786,96.84289420339792,60.39240940260584,95.96627618263608,60.39506836929675,95.96673133078671,59.95676512203765
skycell.2466.005,6.123940568889361,95.59793062721783,60.17528557105519,96.0331300497892,59.95676515684809,96.0335833014905,60.395068404747136,95.15696531109371,60.39240851471216,95.16834158859407,59.954153280230194
skycell.2466.006,5.727202836964255,94.79422923881714,60.170419283567504,95.23472741326964,59.95455427292519,95.22425899919864,60.39281687824154,94.34799070551436,60.38484050001064,94.37027468567992,59.94672183327634
skycell.2466.007,5.330975340286764,93.9910021122946,60.16069184587453,94.43662186187576,59.94752343332823,94.41524413816798,60.38565682804514,93.53967437135134,60.37237105932357,93.5728397910347,59.934477273790385
skycell.2466.008,4.9354052427254915,93.18856414321762,60.146111829518134,93.63912265448944,59.93567878119421,93.60686082005526,60.373594625830776,92.73233674294208,60.35501127236139,92.77634460552828,59.91743028463228
skycell.2466.009,4.540677003660821,92.3872283713516,60.12669205992754,92.84253764121624,59.9190306519388,92.79942963889518,60.35664099101071,91.92629592580344,60.33277653150337,91.98109465358274,59.89559570793285
skycell.2466.010,8.158354992273146,99.65831175586251,60.53102430291734,100.06935762631235,60.299629483516775,100.12555001813176,60.736963856523,99.2413271137265,60.76123242982066,99.19712103645765,60.323460150315334
skycell.2466.011,7.762866531845668,98.84685003967331,60.550771711605925,99.2641448743601,60.32183274880788,99.3092736243518,60.75957510269682,98.42360656211164,60.778473320673626,98.39052227839797,60.34038955154352
skycell.2466.012,7.367680532966256,98.03424379650872,60.56559754516601,98.45763937492826,60.33916774422079,98.49165024848864,60.77722902180093,97.6048969764332,60.790739836368495,97.58297438806235,60.35243425064639
skycell.2466.013,6.972910170982082,97.22081807179968,60.57548853799601,97.65015825628588,60.35161912076349,97.67301024372252,60.78990968964904,96.78553136102468,60.798020886552976,96.77479696928243,60.3595835587238
skycell.2466.014,6.5786863391634816,96.40689988719411,60.580435824395074,96.8420209634015,60.35917583023318,96.85368644424145,60.79760564315065,95.96584432653566,60.80030987908934,95.96631112560046,60.36183112257107
skycell.2466.015,6.185163153717012,95.59281745480531,60.58043496521352,96.0335485041217,60.36183115797248,96.03401335819176,60.800309915143366,95.14617127203245,60.79760474014174,95.15783869659148,60.35917494356635
skycell.2466.016,5.792525650541685,94.77889938427732,60.57548596122261,95.2250626860633,60.35958274282834,95.21432635040613,60.79802005561941,94.32684756227025,60.789907920503175,94.3497014898,60.351617383619555
skycell.2466.017,5.401000745963416,93.96547388744732,60.565593253112056,94.41688534874018,60.35243258417946,94.39496081988533,60.79073813920006,93.50820770517556,60.777226388118834,93.5422205128674,60.339165158142485
skycell.2466.018,5.0108731683720595,93.15286798541295,60.55076570811584,93.60933759550028,60.340387035985245,93.57625137707085,60.77847075880614,92.69058453457528,60.75957160685714,92.735715210425,60.32182931608785
skycell.2466.019,4.622509150078888,92.34140672278372,60.53101659335713,92.80273902984902,60.32345678789622,92.75853102594672,60.76122900556825,91.87430840314973,60.73695950167506,91.93050271027496,60.29962520719068
skycell.2466.020,8.224695533075229,99.70530543176864,60.93547441732566,100.12123556704768,60.703802577545986,100.17887739370428,61.1412458796335,99.28328151792718,61.16592752936557,99.2379328873782,60.72803762517269
skycell.2466.021,7.83247632304781,98.88345991707264,60.95555764606713,99.30580855933032,60.72638258916293,99.35210354985986,61.16424197242293,98.45500684856516,61.1834622676746,98.42106624320527,60.745254667941694
skycell.2466.022,7.440906721472291,98.06042523219683,60.970635880776165,98.48903878633674,60.74401209107485,98.52392987368592,61.18219675057699,97.62570425653064,61.195938046761995,97.60321366758131,60.75750420066128
skycell.2466.023,7.050156073824984,97.23653904798472,60.98069539396885,97.67125557318572,60.75667520368812,97.69469960058792,61.19509373278502,96.79571980409555,61.20334338737667,96.78470712295344,60.76477516410442
skycell.2466.024,6.660423930581791,96.41214114170164,60.985727010721654,96.85279071306724,60.76436049607903,96.86475861140067,61.202921054046165,95.96540126654926,61.205671465898405,95.96588016969064,60.76706098465912
skycell.2466.025,6.271949114191308,95.58757255964586,60.98572613689238,96.03397766438312,60.76706102066316,96.03445457209618,61.20567150256809,95.13509726003468,61.20292013561935,95.1470671524538,60.764359594321334
skycell.2466.026,5.885022216998225,94.76317477190427,60.98069277327925,95.21515073773976,60.76477433432223,95.20413606230586,61.20334254225544,94.30515636410064,61.19509193344776,94.32860238177226,60.75667343699243
skycell.2466.027,5.500003103494252,93.93928882448076,60.97063151561814,94.3966442777328,60.757502505843455,94.37415169810274,61.19593632062898,93.4759262444846,61.1821940719862,93.51081931582908,60.74400946103742
skycell.2466.028,5.1173458452843565,93.11625449405416,60.955551540419165,93.57879184452426,60.7452521096197,93.54484925455418,61.183459662119475,92.6477527816364,61.164238417040565,92.69404974745514,60.72637909815573
skycell.2466.029,4.737634909528164,92.29440945059244,60.9354665767404,92.76192540021368,60.72803420565425,92.71657479355969,61.16592404678363,91.82097921042838,61.14124145071894,91.87862300127168,60.70379822870948
skycell.2466.030,8.310168981816553,99.75352040442291,61.340008903208954,100.17445094190576,61.108078033902366,100.23359891302708,61.54558559910895,99.32633500891488,61.570688655024405,99.27979899975122,61.13272548737756
skycell.2466.031,7.922123617194545,98.92102282460029,61.36043468115693,99.34854836286809,61.13104226746043,99.39605534002946,61.56897429794255,98.4872309423868,61.58852318657663,98.45240035425611,61.150235898978984
skycell.2466.032,7.535153146052301,98.08728908126606,61.37577038896612,98.52125038995504,61.14897213849221,98.5570562865372,61.58723602135294,97.64705800018254,61.60121247364982,97.623977052221,61.16269435343118
skycell.2466.033,7.149492387303603,97.25267013172528,61.38600181576302,97.6928991768932,61.161851212352275,97.71695854678468,61.600353704783146,96.80617599326804,61.608744629798565,96.79487405930912,61.17008940405974
skycell.2466.034,6.765419896037198,96.41751918033547,61.39111946296586,96.86383950886828,61.16966765770631,96.87612173809832,61.6083150624184,95.96494656094382,61.61111258900819,95.965438045134,61.17241424663577
skycell.2466.035,6.38327048958727,95.58219078535784,61.39111857419348,96.03441794675544,61.1724142832545,96.03490738309634,61.61111262630608,95.1237322400414,61.608314128260275,95.13601651570664,61.169666740555954
skycell.2466.036,6.003452214212737,94.74703995720932,61.38599915027219,95.20498196024786,61.170088560113086,95.19367797963672,61.60874377020125,94.2828955283306,61.6003518746416,94.30695694063806,61.161849415514546
skycell.2466.037,5.626469619025984,93.91242125383728,61.37576594923328,94.37587905528706,61.16269262969612,94.35279606447638,61.601210717964086,93.44279794817936,61.58723329694367,93.4786058805702,61.14896946361931
skycell.2466.038,5.252956102924511,93.07868787897324,61.36042847130073,93.54745590126572,61.15023329704067,93.51262327667892,61.58852053644864,92.60379911650315,61.56897068181477,92.65130812030571,61.13103871700736
skycell.2466.039,4.883719472737397,92.2461907889884,61.34000092897741,92.72005746347658,61.13272200962446,92.67351942681265,61.57068511293433,91.7662558269676,61.54558109463721,91.825405813041,61.10807361111926
skycell.2466.040,8.414195505679897,99.80300483915975,61.744586585330545,100.22905605017732,61.51241457705011,100.28976986722483,61.94994164009792,99.37053129877953,61.9754747305317,99.32276071252312,61.53748274236728
skycell.2466.041,8.031140831432149,98.95957643342346,61.7653618806124,99.392406473086,61.535770769852945,99.4411736042852,61.9737309824941,98.52031167299252,61.99361521525304,98.48455565444785,61.55529245155345
skycell.2466.042,7.649646497979694,98.11486236416302,61.780960314303705,98.55430609033868,61.55400707877947,98.59106322737549,61.992305956491165,97.66898001540548,62.00652240828677,97.64528516125742,61.56796406013101
skycell.2466.043,7.27001743795998,97.26922757993636,61.791367169265314,97.7151105573432,61.567106488142095,97.73980981103512,62.00564888649112,96.8169106226518,62.01418399652161,96.80530788895156,61.57548571577519
skycell.2466.044,6.8926154402426185,96.42303942839656,61.796572607900394,96.87517833749732,61.57505674738768,96.88778744505804,62.0137470457468,95.96447974445547,62.0165926599333,95.96498431206096,61.57785037278342
skycell.2466.045,6.517874512836408,95.57666670287271,61.796571703878875,96.0348697892754,61.57785041002931,96.03537225451744,62.01659269787239,95.11206458939478,62.01374609553263,95.12467579782856,61.57505581453214
skycell.2466.046,6.146321269280062,94.73047867952585,61.79136445805663,95.19454624115626,61.57548485737652,95.1829414063542,62.014183122149355,94.26004232431642,62.00564702491016,94.2847436746455,61.56710466055116
skycell.2466.047,5.778602223917291,93.8848441513498,61.78095579847272,94.35456906030863,61.56796230689229,94.3308721090668,62.006520622439,93.40878907402612,61.99230318532079,93.44554830073729,61.55400435816395
skycell.2466.048,5.415520646842997,93.04013046532936,61.76535556442464,93.51529872102756,61.55528980511607,93.47954061212624,61.99361251963502,92.55867892787894,61.973727304374904,92.60744813909264,61.53576715875468
skycell.2466.049,5.058086692258306,92.19670256902552,61.7445784747386,92.67709387891728,61.53747920520432,92.6293212117412,61.97547112771256,91.71008295980678,61.94993705852513,91.77079884455404,61.51241007883407
skycell.2466.050,8.536092346912762,99.85380946387188,62.14916621627432,100.2851059487994,61.91677083878712,100.34744850461738,62.35427255823901,99.41591644593618,62.380244627551754,99.36686155200007,61.94226831914598
skycell.2466.051,8.158746859093794,98.99916042478333,62.17029824990135,99.43742730985568,61.94052700494337,99.48750534595504,62.37847087604594,98.55428363648036,62.39869745206472,98.51756483332416,61.96038346781461
skycell.2466.052,7.783488450100019,98.14317354625312,62.186164853648414,98.58823948409284,61.95907603864721,98.62598625190162,62.39736563793041,97.6914932859241,62.41182711143568,97.66715970963062,61.97327261557826
skycell.2466.053,7.410692347839591,97.28622852013775,62.19675077975633,97.7379123462636,61.972400315516225,97.76327734725614,62.41093852765174,96.82793496351572,62.41962084514496,96.81601926030098,61.980923485090166
skycell.2466.054,7.040802139024814,96.42870760193792,62.20204583526112,96.88681877003266,61.98048714576341,96.89976798013328,62.41917635609907,95.96400032670176,62.422071066783765,95.96451850719616,61.98332877761883
skycell.2466.055,6.674347011209682,95.57099459216806,62.20204491567325,96.03533365328806,61.98332881550483,96.03584967469872,62.422071105377505,95.10008205820296,62.41917538949207,95.11303342581544,61.980486196878914
skycell.2466.056,6.311964106767046,94.71347380738165,62.19674802187954,95.18383293011811,61.98092261194147,95.17191506915024,62.41961995568779,94.2365727961164,62.41093663397281,94.26193995015348,61.97239845653886
skycell.2466.057,5.954427644094454,93.85652904773464,62.18616026014035,94.3326925759428,61.9732708322283,94.30835684612327,62.41182529479392,93.37386406432176,62.39736281902156,93.41161297783238,61.95907327134917
skycell.2466.058,5.602686978247267,93.0005425680138,62.17029182518149,93.48228761237137,61.9603807759637,93.4455666627938,62.398694710005685,92.51234521046452,62.378467134643614,92.56242538208022,61.940523331957614
skycell.2466.059,5.257916380912496,92.14589405901012,62.14915796650959,92.63299111836292,61.94226472135577,92.58393408795604,62.380240962737766,91.6524023586943,62.35426789796495,91.71474703704564,61.916766263598774
skycell.2466.060,8.675094285116279,99.90598774145757,62.55370649836462,100.34265863618212,62.321105379653225,100.40669623070043,62.758536860854974,99.46253901449904,62.784957188078955,99.41214737828652,62.347041092804226
skycell.2466.061,8.304072319148107,99.03981662574688,62.575202759102446,99.48365767417508,62.34526982622786,99.53510012482728,62.78315279761356,98.58918331600844,62.80372897913389,98.5514623376504,62.36546804848745
skycell.2466.062,7.935687014340685,98.1722526356658,62.591343179763534,98.6230859734715,62.36413810247535,98.66186285485186,62.8023741303963,97.71462205146008,62.81708583727107,97.6896235816797,62.37857928213683
skycell.2466.063,7.570380224928314,97.30369100951374,62.602111956016415,97.76132839400285,62.37769194587048,97.78738641821488,62.816181870763984,96.83926090375375,62.82501453244499,96.82701939583558,62.386362070749115
skycell.2466.064,7.208671214437045,96.43452972750616,62.60749852210164,96.89877300131305,62.38591820607259,96.91207626118734,62.82456234439061,95.9635077904631,62.8275071986652,95.96404014228057,62.388808850253554
skycell.2466.065,6.851174692565065,95.56516842251224,62.60749758661835,96.03581002501804,62.38880888879307,96.0363401587047,62.82750723792755,95.08777172645284,62.82456136104119,95.10107720279892,62.385917240823346
skycell.2466.066,6.498623605762915,94.69600727942576,62.602109150485866,95.17283080262489,62.38636118254138,95.16058707798018,62.8250136275813,94.21246167882845,62.8161799443036,94.23852191479756,62.37769005485006
skycell.2466.067,6.1518979427557685,93.82744593073264,62.59133850694057,94.310226715833,62.37857746804563,94.28522603378742,62.81708398917957,93.3379854222194,62.80237126273478,93.376764507608,62.36413528752038
skycell.2466.068,5.812061053621492,92.95988235588447,62.57519622356815,93.44838812653587,62.36546531027482,93.41066494341034,62.803726189646966,92.46474840239456,62.783148991587915,92.51619304630762,62.345266090066715
skycell.2466.069,5.4804051400296725,92.09371179204145,62.55369810651068,92.58770331974314,62.347037433124754,92.53730948926275,62.784953459956824,91.59315261609989,62.75853212021967,91.65719239018196,62.32110072589705
skycell.2466.070,8.830374454728885,99.95959605636062,62.95816610540741,100.40177525090854,62.7253767101425,100.46757782454377,63.16269302788706,99.51045024680856,63.18957124667513,99.45866654363329,62.75175990693052
skycell.2466.071,8.466184813042737,99.0815891561006,62.980034365682464,99.53114690967888,62.7499580544245,99.58401023311792,63.18773555740693,98.62504921214548,63.20866888552529,98.58628449101408,62.77050527615192
skycell.2466.072,8.105187298882452,98.20213128919625,62.996454464884216,98.6588828892462,62.76915233552971,98.69873260390722,63.20729050451383,97.73839189468968,63.222257857241146,97.71270091091154,62.78384331362239
skycell.2466.073,7.747883730309899,97.32163409884636,63.00741001442755,97.78538385264416,62.78294062140043,97.81216368613153,63.221338174898605,96.8509009906346,63.230324438645134,96.8383201313018,62.791760828681646
skycell.2466.074,7.394859502530218,96.44051216351365,63.01289005716403,96.9110538925394,62.79130927841166,96.9247259225397,63.22986438463082,95.96300158982156,63.23286047007728,95.9635487023642,62.7942499787925
skycell.2466.075,7.046801389987758,95.55918183107744,63.012889105443655,96.0362994172697,62.79425001799945,96.03684425017862,63.23286051002273,95.07511995755588,63.22986338417602,95.08879426543766,62.79130829644921
skycell.2466.076,6.704519417904937,94.678060040481,63.007407160219834,95.16152802078886,62.791759925094226,95.14894488330567,63.23032351804079,94.18768230797949,63.22133621494697,94.21446441436876,62.78293869765562
skycell.2466.077,6.368973607974623,93.79756313919312,62.99644971104621,94.28714734434516,62.78384146813614,94.26145408712846,63.22225597701878,93.30111357781144,63.207287587046466,93.34096555719113,62.76914947190673
skycell.2466.078,6.041306397200495,92.91810570485896,62.98002771696468,93.41356393782988,62.77050249059375,93.37479695117806,63.20866604758566,92.4158362092629,63.187731685366465,92.46870178607196,62.74995425375187
skycell.2466.079,5.722881345057583,92.0400993794576,62.958157568437606,92.54118212873595,62.75175618405253,92.48939617112748,63.18956745388123,91.53226895080968,63.162688205167306,91.59807376335412,62.72537197616358
skycell.2466.080,9.001064425358598,100.0146939165631,63.362503704196776,100.4625202867282,63.1295433116615,100.5301616731966,63.56669953250882,99.55970425039312,63.594045652491545,99.50647006383888,63.15638359586397
skycell.2466.081,8.644112814167023,99.12452458746591,63.384752037122965,99.57994707745868,63.15455049963678,99.6342908861555,63.59217797875532,98.66192198416913,63.613476290288986,98.62206962332166,63.17545423843347
skycell.2466.082,8.290899943432878,98.23284292704696,63.40145790419921,98.69566962373902,63.17407780708429,98.73663728484694,63.61207385977594,97.762829835525,63.62730248384745,97.73641716638784,63.1890239791694
skycell.2466.083,7.941978888527787,97.3400779017966,63.41260430303189,97.810105266014,63.1881055989225,97.83763731091145,63.626366739427674,96.86286847715664,63.63550999163685,96.84993395818258,63.1970791362749
skycell.2466.084,7.597989520336448,96.44666162340052,63.41817986522819,96.92367501741644,63.19661973398368,96.93773136533083,63.6350418981192,95.96248114814244,63.63809034527422,95.9630436439572,63.199611574734256
skycell.2466.085,7.259675221594917,95.55302809976166,63.41817889691571,96.03680237126838,63.19961161462311,96.03736252335258,63.63809038591787,95.0621123479752,63.635040880181606,95.07617103776803,63.19661873494609
skycell.2466.086,6.92790280824449,94.65961197224604,63.412601399083734,95.14991209086756,63.19707821697471,95.13697522973074,63.635509054944535,94.1622065212852,63.626364745246995,94.18974090279788,63.18810364174568
skycell.2466.087,6.60368602675598,93.76684724831676,63.40145306757972,94.26342899017295,63.18902210160913,94.23701398385336,63.627300570786296,93.26320674296848,63.61207089140813,93.30417673204292,63.17407489374337
skycell.2466.088,6.288212821517391,92.87516603878316,63.384745272760874,93.3777767141276,63.17545140450816,93.33792202446622,63.613473402831566,92.3655534134302,63.59217403925406,92.41989953810116,63.154546633065465
skycell.2466.089,5.982876179337327,91.984997308829,63.36249501896772,92.49337652735896,63.156379808428035,92.4401400237072,63.59404179360891,91.4696829735136,63.56669462591434,91.53732666067766,63.129538495741976
skycell.2466.090,9.186272696465599,100.07134417254244,63.76667797572976,100.5249618254215,63.5335636571717,100.59452002586916,63.97051486135447,99.61035820079312,63.99833929102165,99.5556118039758,63.560871006735994
skycell.2466.091,8.836867181091106,99.16867211583867,63.789314773346675,99.6301131454877,63.55900598329847,99.6860004292378,63.99643891975475,98.69984460339974,64.0181103653187,98.6588582111594,63.58027405105882
skycell.2466.092,8.491726059027943,98.26442285728278,63.80631273920237,98.7334877750132,63.57887361340329,98.7756210590621,64.01668334732128,97.78796443344828,64.03217909430113,97.76079924637884,63.59408058701889
skycell.2466.093,8.151443825937134,97.3590436700641,63.817654225508576,97.83552066726028,63.59314617361196,97.86383705676614,64.03122692762648,96.87517737237008,64.04053069111437,96.86187406974368,63.60227641659969
skycell.2466.094,7.816702254867466,96.4529852007642,63.823327431403314,96.93665071218136,63.60180898929948,96.9511078121952,64.04005437755234,95.96194585588292,64.04315636255066,95.96252439302474,63.60485309733576
skycell.2466.095,7.488285415051301,95.54670013004156,63.82332644612958,96.03731945865712,63.60485313792154,96.0378955852296,64.04315640390816,95.04873367254324,64.04005334173935,95.06319318116712,63.60180797281063
skycell.2466.096,7.167096984917874,94.64064181811904,63.81765127071437,95.13796981720834,63.60227548124056,95.12466410567114,64.04052973797282,94.13600455202,64.03122489844925,94.16432334456856,63.593144182267714
skycell.2466.097,6.854179873204364,93.73526294518332,63.80630781796483,94.2390447526759,63.594078676678976,94.2118771619638,64.03217714766473,93.22422075381628,64.01668032691455,93.26635643176024,63.57887064925335
skycell.2466.098,6.5507378917176,92.83101415687592,63.78930789078194,93.3409859765,63.58027116770472,93.2999971894684,64.01810742723566,92.31384166715856,63.99643491128895,92.36973133212128,63.55900204938712
skycell.2466.099,6.258158758544741,91.92834272498492,63.766669138974095,92.44423264823538,63.560867153329625,92.38948386901738,63.99833536457666,91.40532243261556,63.97050986902388,91.47488299812126,63.53355875752694
skycell.2467.008,8.89660981720617,101.18856414321762,60.146111829518134,101.63912265448944,59.93567878119421,101.60686082005526,60.373594625830776,100.73233674294208,60.35501127236139,100.77634460552828,59.91743028463228
skycell.2467.009,8.49732491585001,100.3872283713516,60.12669205992754,100.84253764121624,59.9190306519388,100.79942963889518,60.35664099101071,99.92629592580344,60.33277653150337,99.98109465358274,59.89559570793285
skycell.2467.018,8.892927668364997,101.15286798541295,60.55076570811584,101.60933759550028,60.340387035985245,101.57625137707085,60.77847075880614,100.69058453457528,60.75957160685714,100.735715210425,60.32182931608785
skycell.2467.019,8.493404944736088,100.34140672278372,60.53101659335713,100.80273902984902,60.32345678789622,100.75853102594672,60.76122900556825,99.87430840314973,60.73695950167506,99.93050271027496,60.29962520719068
skycell.2467.028,8.90754071113767,101.11625449405416,60.955551540419165,101.57879184452426,60.7452521096197,101.54484925455418,61.183459662119475,100.6477527816364,61.164238417040565,100.69404974745514,60.72637909815573
skycell.2467.029,8.508645731402932,100.29440945059244,60.9354665767404,100.76192540021368,60.72803420565425,100.71657479355969,61.16592404678363,99.82097921042838,61.14124145071894,99.87862300127168,60.70379822870948
skycell.2467.038,8.940374180030851,101.07868787897324,61.36042847130073,101.54745590126572,61.15023329704067,101.51262327667892,61.58852053644864,100.60379911650315,61.56897068181477,100.65130812030571,61.13103871700736
skycell.2467.039,8.542960372555177,100.2461907889884,61.34000092897741,100.72005746347658,61.13272200962446,100.67351942681265,61.57068511293433,99.7662558269676,61.54558109463721,99.825405813041,61.10807361111926
skycell.2467.048,8.991236081421809,101.04013046532936,61.76535556442464,101.51529872102756,61.55528980511607,101.47954061212624,61.99361251963502,100.55867892787894,61.973727304374904,100.60744813909264,61.53576715875468
skycell.2467.049,8.596128418453675,100.19670256902552,61.7445784747386,100.67709387891728,61.53747920520432,100.6293212117412,61.97547112771256,99.71008295980678,61.94993705852513,99.77079884455404,61.51241007883407
skycell.2467.058,9.059823133778721,101.0005425680138,62.17029182518149,101.48228761237137,61.9603807759637,101.4455666627938,62.398694710005685,100.51234521046452,62.378467134643614,100.56242538208022,61.940523331957614
skycell.2467.059,8.667803309423913,100.14589405901012,62.14915796650959,100.63299111836292,61.94226472135577,100.58393408795604,62.380240962737766,99.6524023586943,62.35426789796495,99.71474703704564,61.916766263598774
skycell.2467.068,9.145729767711764,100.95988235588447,62.57519622356815,101.44838812653587,62.36546531027482,101.41066494341034,62.803726189646966,100.46474840239456,62.783148991587915,100.51619304630762,62.345266090066715
skycell.2467.069,8.757523566984212,100.09371179204145,62.55369810651068,100.58770331974314,62.347037433124754,100.53730948926275,62.784953459956824,99.59315261609989,62.75853212021967,99.65719239018196,62.32110072589705
skycell.2467.079,8.864726928122563,100.0400993794576,62.958157568437606,100.54118212873595,62.75175618405253,100.48939617112748,63.18956745388123,99.53226895080968,63.162688205167306,99.59807376335412,62.72537197616358
skycell.2467.089,8.988766467977504,99.984997308829,63.36249501896772,100.49337652735896,63.156379808428035,100.4401400237072,63.59404179360891,99.4696829735136,63.56669462591434,99.53732666067766,63.129538495741976
skycell.2467.099,9.128927721646471,99.92834272498492,63.766669138974095,100.44423264823538,63.560867153329625,100.38948386901738,63.99833536457666,99.40532243261556,63.97050986902388,99.47488299812126,63.53355875752694
skycell.2506.000,8.840512469075351,68.78527642452254,64.11198650821318,69.2475163698543,63.87795706067524,69.32228974279792,64.31573508080108,68.31498406128303,64.34463920335949,68.25611374351409,63.906290160876715
skycell.2506.001,9.206305923069067,67.8608616568729,64.13550951817976,68.33150427490959,63.90437558480291,68.39158671249511,64.34268600383437,67.38213853167852,64.36519960398422,67.33805951032033,63.9264436688633
skycell.2506.010,9.02355493833848,68.8479807902255,64.51700074640583,69.31654921531513,64.2826123875911,69.39358118045398,64.72052999930092,68.37111748946121,64.74997555837534,68.31046427854189,64.31147278674634
skycell.2507.000,5.919012838505746,78.01604272090925,64.11198650821318,78.47828266624101,63.87795706067524,78.55305603918464,64.31573508080108,77.54575035766975,64.34463920335949,77.48688003990081,63.906290160876715
skycell.2507.001,6.154191467010267,77.09162795325962,64.13550951817976,77.56227057129631,63.90437558480291,77.62235300888183,64.34268600383437,76.61290482806524,64.36519960398422,76.56882580670705,63.9264436688633
skycell.2507.002,6.406280048889241,76.1655187732734,64.15317383974316,76.64435234933747,63.92500596175512,76.6896501844478,64.36373285015775,75.67858916224694,64.37983132923488,75.64937047406998,63.94078547196398
skycell.2507.003,6.673360807241578,75.23819551495109,64.16496036813008,75.72499446651697,63.93982617103039,75.75543677484914,64.37885262635135,74.74329768994109,64.38851834560249,74.7289852351979,63.94930021702875
skycell.2507.004,6.953695469400152,74.31014231406678,64.17085632634885,74.80466781565201,63.94882035028383,74.82020678436069,64.38802876727918,73.80752785195621,64.39125111636537,73.80814415456105,63.951978772709246
skycell.2507.005,7.245726277308525,73.38184559933865,64.17085531415773,73.88384628005431,63.95197885509038,73.88445745748609,64.39125120041412,72.87177861779278,64.38802663875876,72.88732270730792,63.94881826398534
skycell.2507.006,7.548068404561926,72.45379256563025,64.16495733265604,72.96300527434401,63.94929829540415,72.94868769813127,64.3885163850872,71.93654889106028,64.3788484556974,71.96699630778504,63.939822083053265
skycell.2507.007,7.859497385235807,71.52646964113401,64.15316878427976,72.04262027343752,63.94078154839574,72.01339647554528,64.37982732630934,71.0023359154203,64.3637266419451,71.047638838527,63.9249998764798
skycell.2507.008,8.17893413924242,70.60036096057661,64.13550244820225,71.12316534106921,63.92643774755633,71.07908122973919,64.36519356303988,70.06963369376666,64.34267776485656,70.12972119107647,63.90436750873512
skycell.2507.009,8.505429323767919,69.67594685639773,64.11197743135753,70.2051116692134,63.90628224816287,70.14623628910219,64.34463113100837,69.1389314331572,64.31572482004422,69.21370982982356,63.877947002421465
skycell.2507.010,6.259356453290865,78.07874708661222,64.51700074640583,78.54731551170185,64.2826123875911,78.6243474768407,64.72052999930092,77.60188378584793,64.74997555837534,77.5412305749286,64.31147278674634
skycell.2507.011,6.482332594774007,77.14050111500441,64.54096335049647,77.61774017710526,64.3095225447124,77.67964189468537,64.74798573449046,76.65493701099405,64.77092180974334,76.6095205597579,64.3320020299241
skycell.2507.012,6.722255193384604,76.20048321128627,64.55895828180962,76.6861723455803,64.33053750036657,76.732844408438,64.76942751020422,75.70645219669419,64.78582848457337,75.67634578725588,64.34661155386785
skycell.2507.013,6.977374659659139,75.25919556391925,64.570965649672,75.75309945480197,64.34563433674332,75.78446657820173,64.78483138119363,74.75694642317832,64.79467888359403,74.7421987847333,64.35528537794772
skycell.2507.014,7.246075435322442,74.31714445762644,64.57697215026974,74.81901370861081,64.3547965433291,74.83502513332974,64.79418009461956,73.80694012510253,64.79746307335277,73.80757517162161,64.35801399695085
skycell.2507.015,7.526884303700886,73.37483864808092,64.5769711190971,73.88441053133108,64.3580140808719,73.88504029680283,64.79746315898309,72.85695538558278,64.79417792605511,72.87297208671279,64.35479441804202
skycell.2507.016,7.818470273521709,72.43278771664433,64.57096255729874,72.94978699656086,64.35528342041067,72.93503408100068,64.79467688619405,71.90751421667902,64.78482713213054,71.9388866033103,64.34563017242061
skycell.2507.017,8.119638874176001,71.49150041842314,64.55895313166526,72.0156402428422,64.34660755701927,71.98552856876809,64.78582440638645,70.95913684046401,64.76942118540738,71.00581414490144,64.3305313015679
skycell.2507.018,8.429323088763388,70.55148303701178,64.54095614828178,71.08246588881407,64.33199599814105,71.03704419390127,64.77091565534356,70.01233998480228,64.74797734103522,70.07424691395418,64.30951431820895
skycell.2507.019,8.746572559339754,69.61323775919013,64.51699150007047,70.1507564604583,64.31146472661908,70.09009803518876,64.74996733464896,69.06763520773936,64.72051954654472,69.14467234624634,64.28260214233954
skycell.2507.020,6.607207190507614,78.14336247547133,64.92212997756079,78.6184322530828,64.68739847235643,78.69782646487516,65.12540997501065,77.65974431097838,65.15541062548186,77.59722609033408,64.7167992160083
skycell.2507.021,6.818947870835652,77.1908670321902,64.94654317932749,77.67488833622298,64.71481242364816,77.73869310600281,65.15338325144022,76.69826491997821,65.17675250008755,76.65144928232625,64.73771352849309
skycell.2507.022,7.047542148075238,76.23651734112815,64.96487702507315,76.7292602630313,64.73622150909807,76.7773699978036,65.17522995603751,75.73517534312568,65.19194110925199,75.70414014703735,64.75259744354517
skycell.2507.023,7.291403448816312,75.28083878766611,64.97711079369009,75.78205771407605,64.75160186334169,75.81439242867859,65.19092513738643,74.77101682624252,65.20095904977222,74.75581385110826,64.76143431777432
skycell.2507.024,7.549042198090336,74.32436117571652,64.98323062459293,74.83379550728962,64.76093629126217,74.85030126572785,65.20045081552792,73.80633423611094,65.20379596866121,73.80698889485299,64.76421425102981
skycell.2507.025,7.819078448207832,73.36761697498537,64.98322957395978,73.88499193262163,64.76421433652922,73.88564114722125,65.20379605591346,72.84167421917701,65.20044860589944,72.85818541683074,64.76093412601257
skycell.2507.026,8.100246839701338,72.41113954604998,64.97710764298331,72.9361670583335,64.76143232342768,72.92095864323555,65.20095701454794,71.87758334517233,65.1909208079201,71.90992348498513,64.75159762076923
skycell.2507.027,8.39139600564552,71.45546135800507,64.96487177786594,71.98784102271482,64.75259337158833,71.95680039992406,65.19193695388942,70.91460625138643,65.17522351169931,70.96272138836342,64.73621519395167
skycell.2507.028,8.691484215998532,70.50111221354543,64.94653584155893,71.0405323252252,64.73770738348475,70.9937112831407,65.17674622935375,69.95328380331266,65.15337469960328,70.01709394341844,64.71480404297952
skycell.2507.029,8.999572686960532,69.54861749623836,64.922120557512,70.09475613107294,64.71679100481182,70.03223253715133,65.15540224655308,68.99415128713171,65.12539932542501,69.07355082867356,64.68738803549185
skycell.2507.030,6.961428924110373,78.20997742976854,65.32733217738202,78.69172846693665,65.09227307870948,78.77359500510039,65.53033258673106,77.71941276300264,65.56090258479773,77.65494230242028,65.12222777418783
skycell.2507.031,7.1628320990965095,77.2427950748002,65.35220746092504,77.73379229159879,65.1202035089379,77.79958910090366,65.55883669390865,76.7429493560625,65.58265028789897,76.69466891711706,65.14353689425866
skycell.2507.032,7.380899578883977,76.27367098426646,65.3708888901561,76.77367460050942,65.14201668867962,76.82328941421804,65.58109876952769,75.76479903732091,65.59812812669323,75.7327914176026,65.1587021606254
skycell.2507.033,7.61419816454471,75.30315518730589,65.38335486561775,75.81190868592974,65.15768775100047,75.8452564461758,65.59709279751351,74.78552874481618,65.60731795294565,74.76984901624748,65.16770622919647
skycell.2507.034,7.8613621541496235,74.33180248474437,65.38959093772158,74.84903338388482,65.16719877699948,74.86605672555693,65.60680002834476,73.80570932989048,65.61020896957523,73.80638452363792,65.1705387822167
skycell.2507.035,8.121108166698328,73.36017055676952,65.38958986712781,73.88559127788537,65.17053886933464,73.88626085672142,65.61020905849149,72.82591356748425,65.6067977765868,72.8429425188269,65.16719657077103
skycell.2507.036,8.392243310911452,72.38881804589562,65.3833516550799,72.9221268710958,65.16770419710394,72.90644153206065,65.60731587891557,71.84671414961552,65.5970883855611,71.88006750463572,65.15768342819122
skycell.2507.037,8.673668196305846,71.41830263165,65.37088354339937,71.95918474227805,65.15869801165272,71.9271715261986,65.59812389215541,70.86868167958518,65.58109220255967,70.91830206360108,65.14201025423871
skycell.2507.038,8.964376166117816,70.44917911354344,65.35219998414068,70.99730770109598,65.14353063315659,70.94902168947405,65.58264389782484,69.89238268443661,65.55882797961334,69.95818503015124,65.12019497021342
skycell.2507.040,7.321077544889218,78.27868603623857,65.73256517914146,78.76730565054186,65.49719379874313,78.85176152443601,65.93525525983961,77.78097508758378,65.96640950257512,77.71445963950741,65.5277166515907
skycell.2507.041,7.5129682664106925,77.29635897340636,65.75791454058556,77.79453409171622,65.5256539502056,77.8624175545502,65.9643040845557,76.78905498138866,65.98857370082828,76.73923996210074,65.54943074804288
skycell.2507.042,7.721263809360326,76.31199710296298,65.7769526107063,76.81947750840719,65.54788162908261,76.8706690849538,65.98699244525669,75.79536628905096,66.00434839572057,75.76233983271081,65.56488463485206
skycell.2507.043,7.944672445309901,75.32617665888408,65.78965686008137,75.8426942798569,65.5638509087334,75.87710343135572,66.00329319817298,74.80050328968336,66.01371464967487,74.78432402654853,65.57406022637497
skycell.2507.044,8.181946843244708,74.33947903438111,65.79601221538948,74.86474877462508,65.57354310428862,74.88231443007278,66.01318677846457,73.8050644968163,66.01666119503216,73.80576120716509,65.57694676284225
skycell.2507.045,8.431899651950747,73.35248873645266,65.7960111243125,73.88620941085823,65.57694685162075,73.88690032736376,66.01666128565645,72.80965050570762,66.01318448346302,72.8272219494185,65.57354085601958
skycell.2507.046,8.69341348845034,72.3657913128675,65.78965358814759,72.9076466813929,65.57405815555862,72.89146162914751,66.01371253581279,71.8148618218724,66.00328870155701,71.84927674577459,65.56384650361201
skycell.2507.047,8.9654463471109,71.37997126991003,65.77694716180183,71.92963116077267,65.56488040687108,71.89659893033952,66.00434407991702,70.82129669042314,65.98698575243058,70.87249401332721,65.54787507226976
skycell.2507.050,7.685364075969958,78.34958836603388,66.13778669180056,78.84527168637547,65.90211806977413,78.93244138752137,66.3401352824455,77.84452275665373,66.3718893505326,77.775863613685,65.93322392305554
skycell.2507.051,7.868495282121945,77.35163716683381,66.16362267329087,77.8572009695782,65.93112177892635,77.92727177771393,66.36974334859126,76.8366506303475,66.3944812029454,76.78522675213367,65.9553536236552
skycell.2507.052,8.067722174613575,76.35155205157447,66.18302685596977,76.86673507785707,65.9537748312221,76.91957972236145,66.39286941200228,75.82692289012077,66.41056073388864,75.79282818392771,65.97110372945791
skycell.2507.053,8.28188177550046,75.34993714535233,66.19597572478119,75.8744590692644,65.97005017766548,75.90998108227647,66.40948513319431,74.81596293916053,66.42010816861102,74.7992598855426,65.98045536923217
skycell.2507.054,8.50983767539267,74.34740215840966,66.20245354520196,74.88096448034491,65.97992832194498,74.89909878096212,66.41957008261708,73.8043987683119,66.4231117402801,73.80511804043306,65.98339731487484
skycell.2507.055,8.750495451559825,73.34456017247277,66.20245243309502,73.88684722901574,65.98339740535765,73.8875605196701,66.4231118326585,72.79286062413183,66.41956774320614,72.81100090026858,65.97992603052549
skycell.2507.056,9.00281348954392,72.3420253962803,66.19597238981457,72.89270547818754,65.98045325866957,72.87599644814705,66.42010601384291,71.78197865592948,66.40948054963611,71.81750662755879,65.9700456880624
skycell.2507.060,8.053625051413263,78.42279095716775,66.54295431756316,78.92574135088636,66.3070031905566,79.01575745906014,66.74492982075905,77.9101532190731,66.77730002470636,77.83924522826467,66.33870756732202
skycell.2507.061,8.22868098927987,77.40871318358201,66.5692900440209,77.9218857580706,66.33656492757852,77.9942511761647,66.77511233238788,76.88580965128467,66.80033121613289,76.8326977677544,66.36126398956121
skycell.2507.062,8.419489690675135,76.39239585235711,66.5890702532211,76.91551765779204,66.3596547284601,76.97009667470898,66.79868805394801,75.85951764291262,66.81672394071911,75.82430202708713,66.37731826450033
skycell.2507.063,8.62500429141784,75.3744728034046,66.6022703843557,75.90725050645585,66.3762443542561,75.94394023236369,66.81562737674987,74.83193165164185,66.826457534839,74.81467895554538,66.38685068778855
skycell.2507.064,8.844190912045638,74.35558393055231,66.60887400122458,74.89770477681475,66.38631344813179,74.9164357864959,66.82590895314826,73.8037111119947,66.8295197015714,73.80445405986595,66.38984953457368
skycell.2507.065,9.076043355447444,73.33637278282083,66.60887286751526,73.8875056879206,66.38984962680678,73.88824245743774,66.82951979575218,72.77551790592914,66.82590656810666,72.79425508761926,66.38631111240035
skycell.2507.070,8.425298842611454,78.49840734428575,66.94802556875197,79.00883687256581,66.71180633672049,79.10184072160276,67.14959593354367,77.97797039604356,67.18259936372313,77.9047014249907,66.74412548592498
skycell.2507.071,8.592899847430727,77.46767606088541,66.97487478765733,77.98868734583677,66.74194124830102,78.0634617556562,67.18036882149156,76.93661028231502,67.2060821411506,76.8817259742614,66.76712027029969
skycell.2507.072,8.775889027349589,76.43459249860855,66.99504140999059,76.96590020308732,66.76547970784071,77.02230031202768,67.20440673154683,75.89320261182559,67.22279682078987,75.85680990907086,66.78348704010698
skycell.2507.073,8.97332360250816,75.39982218689723,67.00849976418473,75.94111915876782,66.78239221342155,75.97903511221772,67.22167870630808,74.84843498944514,67.23272179418429,74.83060506933252,66.79320520650688
skycell.2507.074,9.184263559652596,74.36403722585557,67.01523266858142,74.91499553595028,66.79265749464219,74.93435319594592,67.2321624222575,73.803000426334,67.23584420085477,73.80376823849672,66.79626251718106
skycell.2507.080,8.79990676711258,78.57655864126042,67.35295788388973,79.09468854496052,67.11648457530416,79.19083095522859,67.5540905855067,78.04808522653556,67.58774516638921,77.97233557560146,67.1494355215187
skycell.2507.081,8.960614602745796,77.52862080581214,67.38033500839,78.05771117833913,67.14720853095743,78.13501667786706,67.58547055792282,76.98913606528012,67.61169237829517,76.93238919459108,67.17288086757688
skycell.2507.082,9.13633353518167,76.47821028835641,67.40089893602618,77.0179626573936,67.17120813098471,77.07627645110571,67.60998380195913,75.92803340033224,67.62873820662352,75.89040361727677,67.18956885957894
skycell.2507.090,9.17703800351003,78.65737418284215,67.75770864285609,79.18343540102676,67.52099487823735,79.28287748646429,67.9583706594694,78.12061626871032,67.99269520848127,78.04225802294926,67.55459547552582
skycell.2508.000,5.497541366862236,87.24680901729597,64.11198650821318,87.70904896262773,63.87795706067524,87.78382233557136,64.31573508080108,86.77651665405646,64.34463920335949,86.71764633628753,63.906290160876715
skycell.2508.001,5.405185817685818,86.32239424964634,64.13550951817976,86.79303686768303,63.90437558480291,86.85311930526855,64.34268600383437,85.84367112445196,64.36519960398422,85.79959210309377,63.9264436688633
skycell.2508.002,5.341780882371827,85.39628506966012,64.15317383974316,85.87511864572419,63.92500596175512,85.92041648083452,64.36373285015775,84.90935545863366,64.37983132923488,84.8801367704567,63.94078547196398
skycell.2508.003,5.308397955707382,84.4689618113378,64.16496036813008,84.9557607629037,63.93982617103039,84.98620307123586,64.37885262635135,83.9740639863278,64.38851834560249,83.95975153158462,63.94930021702875
skycell.2508.004,5.305625470755803,83.5409086104535,64.17085632634885,84.03543411203873,63.94882035028383,84.05097308074741,64.38802876727918,83.03829414834293,64.39125111636537,83.03891045094777,63.951978772709246
skycell.2508.005,5.333520577692942,82.61261189572537,64.17085531415773,83.11461257644103,63.95197885509038,83.11522375387281,64.39125120041412,82.1025449141795,64.38802663875876,82.11808900369464,63.94881826398534
skycell.2508.006,5.391604546118306,81.68455886201697,64.16495733265604,82.19377157073073,63.94929829540415,82.17945399451798,64.3885163850872,81.167315187447,64.3788484556974,81.19776260417176,63.939822083053265
skycell.2508.007,5.47890276181382,80.75723593752073,64.15316878427976,81.27338656982424,63.94078154839574,81.244162771932,64.37982732630934,80.23310221180702,64.3637266419451,80.27840513491373,63.9249998764798
skycell.2508.008,5.594021801865509,79.83112725696333,64.13550244820225,80.35393163745593,63.92643774755633,80.3098475261259,64.36519356303988,79.30039999015338,64.34267776485656,79.36048748746319,63.90436750873512
skycell.2508.009,5.735250113962925,78.90671315278445,64.11197743135753,79.43587796560011,63.90628224816287,79.37700258548891,64.34463113100837,78.36969772954392,64.31572482004422,78.44447612621028,63.877947002421465
skycell.2508.010,5.890214432708457,87.30951338299894,64.51700074640583,87.77808180808857,64.2826123875911,87.85511377322742,64.72052999930092,86.83265008223465,64.74997555837534,86.77199687131532,64.31147278674634
skycell.2508.011,5.8041275289351715,86.37126741139113,64.54096335049647,86.84850647349198,64.3095225447124,86.9104081910721,64.74798573449046,85.88570330738077,64.77092180974334,85.84028685614462,64.3320020299241
skycell.2508.012,5.745142777959719,85.43124950767299,64.55895828180962,85.91693864196702,64.33053750036657,85.96361070482472,64.76942751020422,84.9372184930809,64.78582848457337,84.9071120836426,64.34661155386785
skycell.2508.013,5.714131049310602,84.48996186030597,64.570965649672,84.98386575118869,64.34563433674332,85.01523287458845,64.78483138119363,83.98771271956504,64.79467888359403,83.97296508112002,64.35528537794772
skycell.2508.014,5.711568182446731,83.54791075401316,64.57697215026974,84.04978000499753,64.3547965433291,84.06579142971646,64.79418009461956,83.03770642148925,64.79746307335277,83.03834146800833,64.35801399695085
skycell.2508.015,5.737501053645823,82.60560494446764,64.5769711190971,83.1151768277178,64.3580140808719,83.11580659318955,64.79746315898309,82.0877216819695,64.79417792605511,82.10373838309951,64.35479441804202
skycell.2508.016,5.791544328379716,81.66355401303105,64.57096255729874,82.18055329294758,64.35528342041067,82.1658003773874,64.79467688619405,81.13828051306574,64.78482713213054,81.16965289969701,64.34563017242061
skycell.2508.017,5.872908433890956,80.72226671480986,64.55895313166526,81.24640653922891,64.34660755701927,81.21629486515481,64.78582440638645,80.18990313685073,64.76942118540738,80.23658044128815,64.3305313015679
skycell.2508.018,5.980454163036257,79.7822493333985,64.54095614828178,80.31323218520079,64.33199599814105,80.26781049028799,64.77091565534356,79.243106281189,64.74797734103522,79.3050132103409,64.30951431820895
skycell.2508.019,6.112765498811069,78.84400405557685,64.51699150007047,79.38152275684502,64.31146472661908,79.32086433157548,64.74996733464896,78.29840150412608,64.72051954654472,78.37543864263306,64.28260214233954
skycell.2508.020,6.284705117817277,87.37412877185805,64.92212997756079,87.84919854946952,64.68739847235643,87.92859276126188,65.12540997501065,86.8905106073651,65.15541062548186,86.8279923867208,64.7167992160083
skycell.2508.021,6.204123777229237,86.42163332857692,64.94654317932749,86.9056546326097,64.71481242364816,86.96945940238953,65.15338325144022,85.92903121636493,65.17675250008755,85.88221557871297,64.73771352849309
skycell.2508.022,6.149001758714345,85.46728363751487,64.96487702507315,85.96002655941803,64.73622150909807,86.00813629419032,65.17522995603751,84.9659416395124,65.19194110925199,84.93490644342407,64.75259744354517
skycell.2508.023,6.120056445446313,84.51160508405283,64.97711079369009,85.01282401046277,64.75160186334169,85.0451587250653,65.19092513738643,84.00178312262923,65.20095904977222,83.98658014749498,64.76143431777432
skycell.2508.024,6.117678241062158,83.55512747210324,64.98323062459293,84.06456180367634,64.76093629126217,84.08106756211457,65.20045081552792,83.03710053249766,65.20379596866121,83.03775519123971,64.76421425102981
skycell.2508.025,6.141906182920354,82.59838327137209,64.98322957395978,83.11575822900835,64.76421433652922,83.11640744360797,65.20379605591346,82.07244051556373,65.20044860589944,82.08895171321745,64.76093412601257
skycell.2508.026,6.1924255918201885,81.6419058424367,64.97710764298331,82.16693335472021,64.76143232342768,82.15172493962227,65.20095701454794,81.10834964155904,65.1909208079201,81.14068978137185,64.75159762076923
skycell.2508.027,6.2685880973356145,80.68622765439179,64.96487177786594,81.21860731910154,64.75259337158833,81.18756669631078,65.19193695388942,80.14537254777315,65.17522351169931,80.19348768475014,64.73621519395167
skycell.2508.028,6.369451147665616,79.73187850993214,64.94653584155893,80.27129862161192,64.73770738348475,80.22447757952742,65.17674622935375,79.18405009969938,65.15337469960328,79.24786023980516,64.71480404297952
skycell.2508.029,6.493831607928961,78.77938379262508,64.922120557512,79.32552242745966,64.71679100481182,79.26299883353805,65.15540224655308,78.22491758351843,65.12539932542501,78.30431712506028,64.68738803549185
skycell.2508.030,6.680677696431986,87.44074372615526,65.32733217738202,87.92249476332337,65.09227307870948,88.00436130148711,65.53033258673106,86.95017905938936,65.56090258479773,86.885708598807,65.12222777418783
skycell.2508.031,6.604969079078205,86.47356137118692,65.35220746092504,86.96455858798551,65.1202035089379,87.03035539729038,65.55883669390865,85.97371565244921,65.58265028789897,85.92543521350377,65.14353689425866
skycell.2508.032,6.553251917991798,85.50443728065318,65.3708888901561,86.00444089689614,65.14201668867962,86.05405571060476,65.58109876952769,84.99556533370763,65.59812812669323,84.96355771398932,65.1587021606254
skycell.2508.033,6.5261241981595255,84.53392148369261,65.38335486561775,85.04267498231646,65.15768775100047,85.07602274256251,65.59709279751351,84.0162950412029,65.60731795294565,84.0006153126342,65.16770622919647
skycell.2508.034,6.52391032737526,83.56256878113109,65.38959093772158,84.07979968027153,65.16719877699948,84.09682302194365,65.60680002834476,83.0364756262772,65.61020896957523,83.03715082002464,65.1705387822167
skycell.2508.035,6.546643249190581,82.59093685315624,65.38958986712781,83.11635757427209,65.17053886933464,83.11702715310814,65.61020905849149,82.05667986387097,65.6067977765868,82.07370881521362,65.16719657077103
skycell.2508.036,6.594062705450678,81.61958434228234,65.3833516550799,82.15289316748252,65.16770419710394,82.13720782844737,65.60731587891557,81.07748044600224,65.5970883855611,81.11083380102244,65.15768342819122
skycell.2508.037,6.665629869797153,80.64906892803671,65.37088354339937,81.18995103866477,65.15869801165272,81.15793782258532,65.59812389215541,80.0994479759719,65.58109220255967,80.1490683599878,65.14201025423871
skycell.2508.038,6.760556479450601,79.67994540993016,65.35219998414068,80.2280739974827,65.14353063315659,80.17978798586077,65.58264389782484,79.12314898082333,65.55882797961334,79.18895132653796,65.12019497021342
skycell.2508.039,6.877844916586525,78.71276381514284,65.32732257920163,79.26780125476085,65.12221940810834,79.20332525463085,65.56089404667031,78.14914395929029,65.53032173527374,78.23101599072784,65.0922624454185
skycell.2508.040,7.0778610818284395,87.50945233262529,65.73256517914146,87.99807194692858,65.49719379874313,88.08252782082273,65.93525525983961,87.0117413839705,65.96640950257512,86.94522593589413,65.5277166515907
skycell.2508.041,7.006495102682868,86.52712526979307,65.75791454058556,87.02530038810293,65.5256539502056,87.09318385093692,65.9643040845557,86.01982127777538,65.98857370082828,85.97000625848746,65.54943074804288
skycell.2508.042,6.957802302446938,85.5427633993497,65.7769526107063,86.05024380479391,65.54788162908261,86.10143538134052,65.98699244525669,85.02613258543768,66.00434839572057,84.99310612909753,65.56488463485206
skycell.2508.043,6.932286433475683,84.5569429552708,65.78965686008137,85.07346057624362,65.5638509087334,85.10786972774244,66.00329319817298,84.03126958607008,66.01371464967487,84.01509032293525,65.57406022637497
skycell.2508.044,6.930220115568451,83.57024533076783,65.79601221538948,84.0955150710118,65.57354310428862,84.1130807264595,66.01318677846457,83.03583079320302,66.01666119503216,83.03652750355181,65.57694676284225
skycell.2508.045,6.951631476626188,82.58325503283938,65.7960111243125,83.11697570724495,65.57694685162075,83.11766662375048,66.01666128565645,82.04041680209434,66.01318448346302,82.05798824580522,65.57354085601958
skycell.2508.046,6.996302843801495,81.59655760925422,65.78965358814759,82.13841297777962,65.57405815555862,82.12222792553423,66.01371253581279,81.04562811825912,66.00328870155701,81.08004304216131,65.56384650361201
skycell.2508.047,7.063781633376245,80.61073756629675,65.77694716180183,81.16039745715939,65.56488040687108,81.12736522672624,66.00434407991702,80.05206298680986,65.98698575243058,80.10326030971393,65.54787507226976
skycell.2508.048,7.153402196020381,79.6263762957566,65.75790692116873,80.18349780793861,65.54942436785153,80.1336770397711,65.98856718827119,79.06031524218434,65.96429520354161,79.12820441529743,65.52564524936314
skycell.2508.049,7.264316230978451,78.644050029492,65.7325553982149,79.20827880365748,65.52770812664625,79.14175764196247,65.96640080107262,78.07097219749735,65.93524420124264,78.15543373577057,65.49718296400144
skycell.2508.050,7.476032210969825,87.5803546624206,66.13778669180056,88.07603798276219,65.90211806977413,88.16320768390808,66.3401352824455,87.07528905304045,66.3718893505326,87.00662991007172,65.93322392305554
skycell.2508.051,7.408560798333332,86.58240346322053,66.16362267329087,87.08796726596492,65.93112177892635,87.15803807410065,66.36974334859126,86.06741692673423,66.3944812029454,86.01599304852039,65.9553536236552
skycell.2508.052,7.3625728535102475,85.58231834796119,66.18302685596977,86.09750137424379,65.9537748312221,86.15034601874817,66.39286941200228,85.05768918650749,66.41056073388864,85.02359448031443,65.97110372945791
skycell.2508.053,7.338496786930178,84.58070344173905,66.19597572478119,85.10522536565112,65.97005017766548,85.14074737866319,66.40948513319431,84.04672923554725,66.42010816861102,84.03002618192932,65.98045536923217
skycell.2508.054,7.336564007257919,83.57816845479638,66.20245354520196,84.11173077673163,65.97992832194498,84.12986507734884,66.41957008261708,83.03516506469862,66.4231117402801,83.03588433681978,65.98339731487484
skycell.2508.055,7.356798780988854,82.57532646885949,66.20245243309502,83.11761352540246,65.98339740535765,83.11832681605682,66.4231118326585,82.02362692051855,66.41956774320614,82.0417671966553,65.97992603052549
skycell.2508.056,7.399017229794571,81.57279169266702,66.19597238981457,82.12347177457426,65.98045325866957,82.10676274453377,66.42010601384291,81.0127449523162,66.40948054963611,81.0482729239455,65.9700456880624
skycell.2508.057,7.462835567160064,80.57117720717197,66.18302130220029,81.12990377557638,65.97109942038584,81.09580310896543,66.41055633463182,80.0031468601009,66.39286258994035,80.05599743546834,65.95376814882081
skycell.2508.058,7.547686730362886,79.57109272107692,66.16361490745976,80.13750571078484,65.95534712124343,80.0860758990207,66.39447456461738,78.99545556534066,66.36973429640183,79.06553226590215,65.93111291172096
skycell.2508.059,7.652843770140504,78.57314235718677,66.13777672330369,79.14686955486773,65.93321523508487,79.07820451591574,66.37188048128625,77.99028692603846,66.34012401119992,78.07746247072151,65.90210702833275
skycell.2508.060,7.875004264649395,87.65355725355447,66.54295431756316,88.15650764727307,66.3070031905566,88.24652375544686,66.74492982075905,87.14091951545981,66.77730002470636,87.07001152465139,66.33870756732202
skycell.2508.061,7.8110455115694535,86.63947947996873,66.5692900440209,87.15265205445732,66.33656492757852,87.22501747255141,66.77511233238788,86.1165759476714,66.80033121613289,86.06346406414112,66.36126398956121
skycell.2508.062,7.767491610381974,85.62316214874383,66.5890702532211,86.14628395417876,66.3596547284601,86.2008629710957,66.79868805394801,85.09028393929934,66.81672394071911,85.05506832347385,66.37731826450033
skycell.2508.063,7.744710024850573,84.60523909979132,66.6022703843557,85.13801680284257,66.3762443542561,85.1747065287504,66.81562737674987,84.06269794802857,66.826457534839,84.0454452519321,66.38685068778855
skycell.2508.064,7.742898956597882,83.58635022693903,66.60887400122458,84.12847107320147,66.38631344813179,84.14720208288261,66.82590895314826,83.03447740838142,66.8295197015714,83.03522035625267,66.38984953457368
skycell.2508.065,7.762079535352105,82.56713907920755,66.60887286751526,83.11827198430731,66.38984962680678,83.11900875382446,66.82951979575218,82.00628420231585,66.82590656810666,82.02502138400598,66.38631111240035
skycell.2508.066,7.802095039212774,81.54825042758992,66.60226698464261,82.10804718755944,66.38684853640969,82.09078831849052,66.82645533803993,80.97878010627169,66.81562270386289,81.01547598615664,66.37623977790126
skycell.2508.067,7.862617215924072,80.53032782026814,66.58906459174207,81.09842443015957,66.37731387215783,81.0632026584361,66.81671945571772,79.95262423923329,66.79868109911311,80.00720938052264,66.35964791710528
skycell.2508.068,7.943159120800671,79.5140111494012,66.56928212781754,80.090029217676,66.36125736165329,80.03691120690706,66.80032444859066,78.92847053636015,66.77510310435716,79.00084203783467,66.33655588957016
skycell.2508.069,8.04309332665166,78.49993425241678,66.54294415644843,79.0834824974333,66.33869871197254,79.01256841945097,66.77729098314205,77.9069652722765,66.7449183310987,77.99698741170685,66.30699193692685
skycell.2508.070,8.274618174553348,87.72917364067247,66.94802556875197,88.23960316895253,66.71180633672049,88.33260701798947,67.14959593354367,87.20873669243028,67.18259936372313,87.13546772137742,66.74412548592498
skycell.2508.071,8.213844084793397,86.69844235727213,66.97487478765733,87.21945364222348,66.74194124830102,87.29422805204293,67.18036882149156,86.16737657870173,67.2060821411506,86.11249227064812,66.76712027029969
skycell.2508.072,8.172492742794983,85.66535879499527,66.99504140999059,86.19666649947403,66.76547970784071,86.2530666084144,67.20440673154683,85.1239689082123,67.22279682078987,85.08757620545758,66.78348704010698
skycell.2508.073,8.150881785634342,84.63058848328394,67.00849976418473,85.17188545515454,66.78239221342155,85.20980140860443,67.22167870630808,84.07920128583186,67.23272179418429,84.06137136571924,66.79320520650688
skycell.2508.074,8.14918235481655,83.59480352224229,67.01523266858142,84.145761832337,66.79265749464219,84.16511949233264,67.2321624222575,83.03376672272071,67.23584420085477,83.03453453488343,66.79626251718106
skycell.2508.075,8.167413002013868,82.55867998000036,67.01523151266993,83.1189521023864,66.79626261121248,83.11971352942382,67.23584429688857,81.98836088908546,67.23215999030485,82.00772492742955,66.79265511338222
skycell.2508.076,8.205439074405689,81.52289525138478,67.00849629792937,82.09211537544326,66.79320301319106,82.07427907595314,67.23271955417461,80.94367934048542,67.22167394159018,80.98160165302652,66.7823875479375
skycell.2508.077,8.262977630173369,80.48812540361538,66.99503563782169,81.06591086558694,66.78348256221147,81.02951180168961,67.22279224764176,79.90041474528121,67.20439964023122,79.95682118170063,66.76547276400863
skycell.2508.078,8.339607472194581,79.45504253498451,66.97486671693542,80.04099535500005,66.76711351346539,79.98610471640701,67.20607524078471,78.85925414079463,67.18035941272983,78.9340348343311,66.74193203484141
skycell.2508.079,8.434783486348012,78.4243121722388,66.94801520973311,79.01802068147265,66.74411645863992,78.94474542265334,67.1825901450472,77.82087624521843,67.14958421942775,77.91388632234185,66.71179486515797
skycell.2508.080,8.674736405517297,87.80732493764714,67.35295788388973,88.32545484134724,67.11648457530416,88.42159725161531,67.5540905855067,87.27885152292228,67.58774516638921,87.20310187198818,67.1494355215187
skycell.2508.081,8.616863313030388,86.75938710219886,67.38033500839,87.28847747472585,67.14720853095743,87.36578297425378,67.58547055792282,86.21990236166684,67.61169237829517,86.1631554909778,67.17288086757688
skycell.2508.082,8.57751514254227,85.70897658474313,67.40089893602618,86.24872895378032,67.17120813098471,86.30704274749243,67.60998380195913,85.15879969671896,67.62873820662352,85.1211699136635,67.18956885957894
skycell.2508.083,8.556968401327795,84.65679274519573,67.41462281408378,85.20688526471109,67.18845253150292,85.24608993447312,67.62759792537129,84.09626655168893,67.63886003744145,84.07782994939862,67.19947796860362
skycell.2508.084,8.555371954490361,83.60354208467592,67.42148866802506,84.16363065555998,67.19891949114202,84.18364694411171,67.6382895661511,83.03303183114964,67.64204441042827,83.03382577705376,67.20259538161568
skycell.2508.085,8.572742212356882,82.5499354178353,67.42148748928213,83.11965496618654,67.20259547749588,83.12044230963744,67.64204450836819,81.96982733266492,67.63828708594347,81.989850216424,67.1989170630781
skycell.2508.086,8.60896263994854,81.49668500170073,67.4146192794025,82.07565090303275,67.1994757321759,82.05720770443486,67.63885775298323,80.90738472905811,67.62759306619678,80.94659597343897,67.18844777439725
skycell.2508.087,8.663787625136306,80.4445016499341,67.4008930500416,81.0323112854591,67.18956429373766,80.99467492559177,67.6287335428078,79.84643255196548,67.60997657027262,79.90475288650403,67.17120105098208
skycell.2508.088,8.736850410279265,79.39409186168545,67.3803267788019,79.99032629095902,67.17287397822086,79.93357287617253,67.61168534131849,78.78769320769509,67.58546096330097,78.86500520127949,67.1471991371758
skycell.2508.089,8.827674500132888,78.34615499394143,67.3529473214252,78.95038072657981,67.14942631752294,78.87462457726197,67.58773576557323,77.73188005579203,67.55407864060071,77.82802890068028,67.11647287979119
skycell.2508.090,9.075238339302544,87.88814047922887,67.75770864285609,88.41420169741347,67.52099487823735,88.513643782851,67.9583706594694,87.35138256509704,67.99269520848127,87.27302431933597,67.55459547552582
skycell.2508.091,9.020019339821179,86.82241519978443,67.78562879853264,87.35983610579922,67.55232452049945,87.43980316977348,67.99037525665047,86.27424259882588,68.0171203475739,86.2155368163764,67.5785041809623
skycell.2508.092,8.982501399252703,85.75408848863316,67.8066014649222,86.30255667114419,67.57679835456577,86.36288312072287,68.01537763898263,85.19483575313387,68.03450698131795,85.1559047508549,67.5955225522978
skycell.2508.093,8.96292677411399,84.6838958603495,67.82059853184192,85.2430738345992,67.59438410902388,85.28363402661303,68.03334388594094,84.11392293941473,68.04483142448329,84.09484815781158,67.60562806028545
skycell.2508.094,8.9614258209559,83.61258060169212,67.82760118043898,84.18210702075531,67.60505850933149,84.20281612929928,68.04424952906705,83.03227147556525,68.04807957751648,83.03309291257308,67.6088072951305
skycell.2508.095,8.978013154359038,82.54089069518001,67.82759997820386,83.12038173616703,67.60880739291234,83.1211963421059,68.04807967741829,81.9506518315508,68.04424699919262,81.97136776340749,67.60505603312508
skycell.2508.096,9.012587251058857,81.46957569370156,67.82059492675702,82.05862660578445,67.60562577951279,82.03954499969089,68.04482909427591,80.86983434141781,68.03333892955166,80.91040133470754,67.59437925768135
skycell.2508.097,9.06493352711473,80.39938357869833,67.80659546184047,80.99757037740288,67.59551789599986,80.95863257150087,68.03450222418645,79.79058591675515,68.0153702628395,79.8509191314459,67.57679113451775
skycell.2508.098,9.134730673412244,79.33105763478537,67.78562040551515,79.93793892485095,67.57849715531239,79.8792263737891,68.01711317000893,78.71366679657751,67.99036547078303,78.7936405756237,67.55231494128687
skycell.2509.000,7.988500868740012,96.47758294307722,64.11198650821318,96.93982288840898,63.87795706067524,97.0145962613526,64.31573508080108,96.00729057983771,64.34463920335949,95.94842026206878,63.906290160876715
skycell.2509.001,7.678283991108564,95.5531681754276,64.13550951817976,96.02381079346428,63.90437558480291,96.0838932310498,64.34268600383437,95.0744450502332,64.36519960398422,95.03036602887502,63.9264436688633
skycell.2509.002,7.377005798627552,94.62705899544136,64.15317383974316,95.10589257150544,63.92500596175512,95.15119040661575,64.36373285015775,94.1401293844149,64.37983132923488,94.11091069623797,63.94078547196398
skycell.2509.003,7.085859038280753,93.69973573711906,64.16496036813008,94.18653468868494,63.93982617103039,94.21697699701711,64.37885262635135,93.20483791210906,64.38851834560249,93.19052545736588,63.94930021702875
skycell.2509.004,6.806189160856431,92.77168253623476,64.17085632634885,93.26620803781998,63.94882035028383,93.28174700652866,64.38802876727918,92.26906807412418,64.39125111636537,92.26968437672902,63.951978772709246
skycell.2509.005,6.5395058890348405,91.84338582150662,64.17085531415773,92.34538650222228,63.95197885509038,92.34599767965406,64.39125120041412,91.33331883996075,64.38802663875876,91.34886292947589,63.94881826398534
skycell.2509.006,6.287490155531445,90.91533278779822,64.16495733265604,91.42454549651198,63.94929829540415,91.41022792029923,64.3885163850872,90.39808911322824,64.3788484556974,90.428536529953,63.939822083053265
skycell.2509.007,6.051993165449697,89.98800986330198,64.15316878427976,90.50416049560548,63.94078154839574,90.47493669771325,64.37982732630934,89.46387613758827,64.3637266419451,89.50917906069498,63.9249998764798
skycell.2509.008,5.835023420850726,89.06190118274458,64.13550244820225,89.58470556323718,63.92643774755633,89.54062145190716,64.36519356303988,88.53117391593463,64.34267776485656,88.59126141324444,63.90436750873512
skycell.2509.009,5.63871687866125,88.1374870785657,64.11197743135753,88.66665189138136,63.90628224816287,88.60777651127016,64.34463113100837,87.60047165532517,64.31572482004422,87.67525005199153,63.877947002421465
skycell.2509.010,8.249868916574467,96.5402873087802,64.51700074640583,97.00885573386982,64.2826123875911,97.08588769900868,64.72052999930092,96.0634240080159,64.74997555837534,96.00277079709656,64.31147278674634
skycell.2509.011,7.949766960287729,95.60204133717238,64.54096335049647,96.07928039927324,64.3095225447124,96.14118211685334,64.74798573449046,95.11647723316202,64.77092180974334,95.07106078192588,64.3320020299241
skycell.2509.012,7.659080353347678,94.66202343345424,64.55895828180962,95.14771256774829,64.33053750036657,95.19438463060597,64.76942751020422,94.16799241886216,64.78582848457337,94.13788600942384,64.34661155386785
skycell.2509.013,7.378972335468303,93.72073578608722,64.570965649672,94.21463967696994,64.34563433674332,94.2460068003697,64.78483138119363,93.21848664534627,64.79467888359403,93.20373900690127,64.35528537794772
skycell.2509.014,7.110736414829465,92.7786846797944,64.57697215026974,93.28055393077878,64.3547965433291,93.2965653554977,64.79418009461956,92.2684803472705,64.79746307335277,92.26911539378958,64.35801399695085
skycell.2509.015,6.855801640693941,91.8363788702489,64.5769711190971,92.34595075349904,64.3580140808719,92.3465805189708,64.79746315898309,91.31849560775076,64.79417792605511,91.33451230888076,64.35479441804202
skycell.2509.016,6.6157327192884,90.8943279388123,64.57096255729874,91.41132721872884,64.35528342041067,91.39657430316863,64.79467688619405,90.369054438847,64.78482713213054,90.40042682547826,64.34563017242061
skycell.2509.017,6.392222408529124,89.95304064059111,64.55895313166526,90.47718046501016,64.34660755701927,90.44706879093606,64.78582440638645,89.42067706263198,64.76942118540738,89.4673543670694,64.3305313015679
skycell.2509.018,6.187073192849389,89.01302325917975,64.54095614828178,89.54400611098204,64.33199599814105,89.49858441606924,64.77091565534356,88.47388020697025,64.74797734103522,88.53578713612215,64.30951431820895
skycell.2509.019,6.002165122888632,88.0747779813581,64.51699150007047,88.61229668262627,64.31146472661908,88.55163825735673,64.74996733464896,87.52917542990733,64.72051954654472,87.6062125684143,64.28260214233954
skycell.2509.020,8.522584812950047,96.6049026976393,64.92212997756079,97.07997247525076,64.68739847235643,97.15936668704312,65.12540997501065,96.12128453314637,65.15541062548186,96.05876631250204,64.7167992160083
skycell.2509.021,8.23236061208582,95.65240725435817,64.94654317932749,96.13642855839096,64.71481242364816,96.20023332817078,65.15338325144022,95.15980514214618,65.17675250008755,95.11298950449422,64.73771352849309
skycell.2509.022,7.951935336494169,94.69805756329612,64.96487702507315,95.19080048519928,64.73622150909807,95.23891021997156,65.17522995603751,94.19671556529364,65.19194110925199,94.16568036920532,64.75259744354517
skycell.2509.023,7.682430572265767,93.74237900983408,64.97711079369009,94.24359793624402,64.75160186334169,94.27593265084656,65.19092513738643,93.23255704841048,65.20095904977222,93.21735407327624,64.76143431777432
skycell.2509.024,7.425076992376627,92.78590139788449,64.98323062459293,93.2953357294576,64.76093629126217,93.31184148789582,65.20045081552792,92.26787445827892,65.20379596866121,92.26852911702096,64.76421425102981
skycell.2509.025,7.181214927928052,91.82915719715334,64.98322957395978,92.3465321547896,64.76421433652922,92.34718136938922,65.20379605591346,91.30321444134498,65.20044860589944,91.3197256389987,64.76093412601257
skycell.2509.026,6.952289814274713,90.87267976821796,64.97710764298331,91.39770728050146,64.76143232342768,91.38249886540352,65.20095701454794,90.3391235673403,65.1909208079201,90.3714637071531,64.75159762076923
skycell.2509.027,6.739840593001495,89.91700158017304,64.96487177786594,90.4493812448828,64.75259337158833,90.41834062209205,65.19193695388942,89.3761464735544,65.17522351169931,89.42426161053139,64.73621519395167
skycell.2509.028,6.545479020683469,88.9626524357134,64.94653584155893,89.50207254739317,64.73770738348475,89.45525150530867,65.17674622935375,88.41482402548063,65.15337469960328,88.47863416558641,64.71480404297952
skycell.2509.029,6.370858003447798,88.01015771840633,64.922120557512,88.55629635324091,64.71679100481182,88.4937727593193,65.15540224655308,87.45569150929968,65.12539932542501,87.53509105084153,64.68738803549185
skycell.2509.030,8.80558503963515,96.67151765193653,65.32733217738202,97.15326868910462,65.09227307870948,97.23513522726836,65.53033258673106,96.1809529851706,65.56090258479773,96.11648252458824,65.12222777418783
skycell.2509.031,8.52495058807564,95.70433529696815,65.35220746092504,96.19533251376676,65.1202035089379,96.26112932307164,65.55883669390865,95.20448957823046,65.58265028789897,95.15620913928502,65.14353689425866
skycell.2509.032,8.254413610541341,94.73521120643444,65.3708888901561,95.2352148226774,65.14201668867962,95.284829636386,65.58109876952769,94.22633925948888,65.59812812669323,94.19433163977055,65.1587021606254
skycell.2509.033,7.995045795410086,93.76469540947386,65.38335486561775,94.2734489080977,65.15768775100047,94.30679666834376,65.59709279751351,93.24706896698414,65.60731795294565,93.23138923841545,65.16770622919647
skycell.2509.034,7.748008635991763,92.79334270691234,65.38959093772158,93.31057360605278,65.16719877699948,93.3275969477249,65.60680002834476,92.26724955205844,65.61020896957523,92.26792474580589,65.1705387822167
skycell.2509.035,7.514550664068402,91.82171077893749,65.38958986712781,92.34713150005334,65.17053886933464,92.3478010788894,65.61020905849149,91.28745378965222,65.6067977765868,91.30448274099489,65.16719657077103
skycell.2509.036,7.295999916718944,90.8503582680636,65.3833516550799,91.38366709326375,65.16770419710394,91.36798175422862,65.60731587891557,90.30825437178348,65.5970883855611,90.34160772680367,65.15768342819122
skycell.2509.037,7.093750264606582,89.87984285381796,65.37088354339937,90.42072496444602,65.15869801165272,90.38871174836656,65.59812389215541,89.33022190175315,65.58109220255967,89.37984228576904,65.14201025423871
skycell.2509.038,6.9092402732780345,88.9107193357114,65.35219998414068,89.45884792326395,65.14353063315659,89.41056191164202,65.58264389782484,88.35392290660458,65.55882797961334,88.41972525231921,65.12019497021342
skycell.2509.039,6.743923557236142,87.94353774092409,65.32732257920163,88.4985751805421,65.12221940810834,88.4340991804121,65.56089404667031,87.37991788507154,65.53032173527374,87.46178991650909,65.0922624454185
skycell.2509.040,9.097893712272684,96.74022625840654,65.73256517914146,97.22884587270984,65.49719379874313,97.31330174660398,65.93525525983961,96.24251530975177,65.96640950257512,96.17599986167538,65.5277166515907
skycell.2509.041,8.82652613891945,95.75789919557432,65.75791454058556,96.25607431388418,65.5256539502056,96.32395777671816,65.9643040845557,95.25059520355664,65.98857370082828,95.20078018426872,65.54943074804288
skycell.2509.042,8.56547853863677,94.77353732513096,65.7769526107063,95.28101773057516,65.54788162908261,95.33220930712176,65.98699244525669,94.25690651121892,66.00434839572057,94.22388005487878,65.56488463485206
skycell.2509.043,8.315767653385933,93.78771688105203,65.78965686008137,94.30423450202488,65.5638509087334,94.33864365352368,66.00329319817298,93.26204351185132,66.01371464967487,93.2458642487165,65.57406022637497
skycell.2509.044,8.078482944457301,92.80101925654908,65.79601221538948,93.32628899679304,65.57354310428862,93.34385465224076,66.01318677846457,92.26660471898428,66.01666119503216,92.26730142933306,65.57694676284225
skycell.2509.045,7.85478158899654,91.81402895862064,65.7960111243125,92.3477496330262,65.57694685162075,92.34844054953172,66.01666128565645,91.2711907278756,66.01318448346302,91.28876217158648,65.57354085601958
skycell.2509.046,7.645879230393949,90.82733153503548,65.78965358814759,91.36918690356087,65.57405815555862,91.35300185131548,66.01371253581279,90.27640204404037,66.00328870155701,90.31081696794256,65.56384650361201
skycell.2509.047,7.453035543750469,89.841511492078,65.77694716180183,90.39117138294064,65.56488040687108,90.35813915250748,66.00434407991702,89.28283691259111,65.98698575243058,89.33403423549518,65.54787507226976
skycell.2509.048,7.277533807169407,88.85715022153785,65.75790692116873,89.41427173371986,65.54942436785153,89.36445096555235,65.98856718827119,88.2910891679656,65.96429520354161,88.35897834107868,65.52564524936314
skycell.2509.049,7.120653985501547,87.87482395527326,65.7325553982149,88.43905272943873,65.52770812664625,88.37253156774372,65.96640080107262,87.3017461232786,65.93524420124264,87.38620766155182,65.49718296400144
skycell.2509.051,9.136174092753256,95.81317738900178,66.16362267329087,96.31874119174616,65.93112177892635,96.3888119998819,66.36974334859126,95.29819085251548,66.3944812029454,95.24676697430164,65.9553536236552
skycell.2509.052,8.884204167341629,94.81309227374244,66.18302685596977,95.32827530002504,65.9537748312221,95.38111994452942,66.39286941200228,94.28846311228874,66.41056073388864,94.25436840609568,65.97110372945791
skycell.2509.053,8.643669087741936,93.8114773675203,66.19597572478119,94.33599929143236,65.97005017766548,94.37152130444444,66.40948513319431,93.2775031613285,66.42010816861102,93.26080010771057,65.98045536923217
skycell.2509.054,8.415586000425627,92.80894238057763,66.20245354520196,93.34250470251288,65.97992832194498,93.36063900313007,66.41957008261708,92.26593899047988,66.4231117402801,92.26665826260104,65.98339731487484
skycell.2509.055,8.20102354934631,91.80610039464074,66.20245243309502,92.34838745118373,65.98339740535765,92.34910074183809,66.4231118326585,91.2544008462998,66.41956774320614,91.27254112243656,65.97992603052549
skycell.2509.056,8.001091814156135,90.80356561844827,66.19597238981457,91.3542457003555,65.98045325866957,91.33753667031502,66.42010601384291,90.24351887809745,66.40948054963611,90.27904684972675,65.9700456880624
skycell.2509.057,7.816927965047372,89.80195113295322,66.18302130220029,90.36067770135764,65.97109942038584,90.32657703474668,66.41055633463182,89.23392078588215,66.39286258994035,89.28677136124959,65.95376814882081
skycell.2509.058,7.649677183969193,88.80186664685817,66.16361490745976,89.36827963656609,65.95534712124343,89.31684982480195,66.39447456461738,88.22622949112191,66.36973429640183,88.2963061916834,65.93111291172096
skycell.2509.059,7.500468698951824,87.80391628296802,66.13777672330369,88.37764348064898,65.93321523508487,88.308978441697,66.37188048128625,87.22106085181971,66.34012401119992,87.30823639650276,65.90210702833275
skycell.2509.063,8.977932277077429,93.83601302557256,66.6022703843557,94.36879072862382,66.3762443542561,94.40548045453166,66.81562737674987,93.29347187380982,66.826457534839,93.27621917771334,66.38685068778855
skycell.2509.064,8.75852047323102,92.81712415272028,66.60887400122458,93.35924499898272,66.38631344813179,93.37797600866386,66.82590895314826,92.26525133416268,66.8295197015714,92.26599428203392,66.38984953457368
skycell.2509.065,8.5525137895324,91.7979130049888,66.60887286751526,92.34904591008856,66.38984962680678,92.34978267960572,66.82951979575218,91.2370581280971,66.82590656810666,91.25579530978725,66.38631111240035
skycell.2509.066,8.360924480674669,90.77902435337116,66.60226698464261,91.33882111334069,66.38684853640969,91.32156224427176,66.82645533803993,90.20955403205294,66.81562270386289,90.2462499119379,66.37623977790126
skycell.2509.067,8.184778889151172,89.76110174604939,66.58906459174207,90.32919835594082,66.37731387215783,90.29397658421736,66.81671945571772,89.18339816501454,66.79868109911311,89.23798330630389,66.35964791710528
skycell.2509.068,8.02510001899639,88.74478507518245,66.56928212781754,89.32080314345725,66.36125736165329,89.26768513268831,66.80032444859066,88.1592444621414,66.77510310435716,88.23161596361592,66.33655588957016
skycell.2509.069,7.882886464433294,87.73070817819803,66.54294415644843,88.31425642321454,66.33869871197254,88.24334234523222,66.77729098314205,87.13773919805774,66.7449183310987,87.2277613374881,66.30699193692685
skycell.2509.074,9.10658956455666,92.82557744802354,67.01523266858142,93.37653575811824,66.79265749464219,93.39589341811389,67.2321624222575,92.26454064850196,67.23584420085477,92.26530846066468,66.79626251718106
skycell.2509.075,8.908592251571383,91.7894539057816,67.01523151266993,92.34972602816764,66.79626261121248,92.35048745520508,67.23584429688857,91.2191348148667,67.23215999030485,91.2384988532108,66.79265511338222
skycell.2509.076,8.724765945608167,90.75366917716605,67.00849629792937,91.3228893012245,66.79320301319106,91.3050530017344,67.23271955417461,90.17445326626668,67.22167394159018,90.21237557880777,66.7823875479375
skycell.2509.077,8.556037333478232,89.71889932939663,66.99503563782169,90.2966847913682,66.78348256221147,90.26028572747086,67.22279224764176,89.13118867106246,67.20439964023122,89.18759510748188,66.76547276400863
skycell.2509.078,8.403321647308791,88.68581646076576,66.97486671693542,89.2717692807813,66.76711351346539,89.21687864218826,67.20607524078471,88.09002806657588,67.18035941272983,88.16480876011235,66.74193203484141
skycell.2509.079,8.267504287046853,87.65508609802005,66.94801520973311,88.2487946072539,66.74411645863992,88.17551934843459,67.1825901450472,87.05165017099968,67.14958421942775,87.1446602481231,66.71179486515797
skycell.2509.086,9.092089624808695,90.72745892748198,67.4146192794025,91.306424828814,67.1994757321759,91.28798163021612,67.63885775298323,90.13815865483936,67.62759306619678,90.17736989922022,67.18844777439725
skycell.2509.087,8.930232188994257,89.67527557571535,67.4008930500416,90.26308521124037,67.18956429373766,90.22544885137302,67.6287335428078,89.07720647774673,67.60997657027262,89.13552681228528,67.17120105098208
skycell.2509.088,8.783933666245575,88.6248657874667,67.3803267788019,89.22110021674027,67.17287397822086,89.16434680195378,67.61168534131849,88.01846713347634,67.58546096330097,88.09577912706074,67.1471991371758
skycell.2509.089,8.653981288366003,87.57692891972268,67.3529473214252,88.18115465236106,67.14942631752294,88.10539850304322,67.58773576557323,86.96265398157328,67.55407864060071,87.05880282646153,67.11647287979119
skycell.2509.098,9.166586234543932,88.56183156056662,67.78562040551515,89.1687128506322,67.57849715531239,89.11000029957034,68.01711317000893,87.94444072235876,67.99036547078303,88.02441450140495,67.55231494128687
skycell.2509.099,9.04202630766968,87.49610729913101,67.7576978711313,88.111226206442,67.55458608981074,88.03286124097981,67.99268562024534,86.870601293664,67.95835847712436,86.97005003060103,67.52098295246427
skycell.2510.007,9.025716829191163,99.2187761596887,64.15316878427976,99.7349267919922,63.94078154839574,99.70570299409997,64.37982732630934,98.694642433975,64.3637266419451,98.7399453570817,63.9249998764798
skycell.2510.008,8.666190026063344,98.2926674791313,64.13550244820225,98.8154718596239,63.92643774755633,98.77138774829388,64.36519356303988,97.76194021232136,64.34267776485656,97.82202770963116,63.90436750873512
skycell.2510.009,8.310866152981928,97.36825337495242,64.11197743135753,97.89741818776808,63.90628224816287,97.83854280765688,64.34463113100837,96.83123795171188,64.31572482004422,96.90601634837824,63.877947002421465
skycell.2510.018,8.86255434300279,98.24378955556648,64.54095614828178,98.77477240736876,64.33199599814105,98.72935071245595,64.77091565534356,97.70464650335695,64.74797734103522,97.76655343250889,64.30951431820895
skycell.2510.019,8.51527001697556,97.3055442777448,64.51699150007047,97.84306297901298,64.31146472661908,97.78240455374343,64.74996733464896,96.75994172629404,64.72051954654472,96.83697886480104,64.28260214233954
skycell.2510.028,9.072815586293283,98.19341873210011,64.94653584155893,98.73283884377987,64.73770738348475,98.6860178016954,65.17674622935375,97.64559032186736,65.15337469960328,97.70940046197312,64.71480404297952
skycell.2510.029,8.733745694852733,97.24092401479304,64.922120557512,97.78706264962764,64.71679100481182,97.72453905570602,65.15540224655308,96.6864578056864,65.12539932542501,96.76585734722823,64.68738803549185
skycell.2510.039,8.965259907332808,97.1743040373108,65.32732257920163,97.72934147692882,65.12221940810834,97.66486547679882,65.56089404667031,96.61068418145824,65.53032173527374,96.6925562128958,65.0922624454185
